>CAMTA1 CAMTA1_motif1_6707ae3f
0.12320 0.22587 0.54004 0.11088
0.06776 0.56058 0.25667 0.11499
0.50103 0.06160 0.33676 0.10062
0.09035 0.85216 0.00000 0.05749
0.00000 0.00000 0.00000 1.00000
0.00000 0.00000 1.00000 0.00000
0.00000 1.00000 0.00000 0.00000
0.20945 0.00205 0.74743 0.04107
0.00411 0.17454 0.78029 0.04107
0.20328 0.57290 0.14168 0.08214
0.33676 0.18480 0.32443 0.15400


>CAMTA1 CAMTA1_motif2_299754a5
0.01270 0.53333 0.21905 0.23492
0.36508 0.06349 0.42857 0.14286
0.00000 0.92698 0.00000 0.07302
0.00000 0.00000 0.00000 1.00000
0.00000 0.00000 1.00000 0.00000
0.00000 1.00000 0.00000 0.00000
0.27619 0.00000 0.69524 0.02857
0.00000 0.16508 0.83492 0.00000


>CAMTA1 CAMTA1_motif3_52e758f1
0.13636 0.23864 0.55682 0.06818
0.07386 0.61364 0.23864 0.07386
0.50000 0.09091 0.34659 0.06250
0.13636 0.80682 0.01136 0.04546
0.03409 0.00000 0.00000 0.96591
0.00000 0.00000 1.00000 0.00000
0.03409 0.96591 0.00000 0.00000
0.25568 0.00000 0.73296 0.01136
0.00000 0.17045 0.81250 0.01705
0.18750 0.59659 0.16477 0.05114
0.40341 0.11932 0.38636 0.09091


>CAMTA1 CAMTA1_motif4_da50ef1d
0.13636 0.23197 0.55956 0.07210
0.06426 0.50470 0.31034 0.12069
0.45611 0.01411 0.41379 0.11599
0.04702 0.90752 0.00000 0.04546
0.00000 0.00000 0.00000 1.00000
0.00000 0.00000 1.00000 0.00000
0.00000 1.00000 0.00000 0.00000
0.28840 0.00000 0.70376 0.00784
0.00000 0.16614 0.81505 0.01881
0.18495 0.56583 0.18025 0.06897
0.33699 0.15047 0.33072 0.18182


>CREB3L3 CREB3L3_motif1_d16af229
0.09016 0.20099 0.00000 0.70884
0.00101 0.26684 0.72131 0.01084
0.99828 0.00000 0.00172 0.00000
0.00000 0.99831 0.00000 0.00169
0.00000 0.00000 1.00000 0.00000
0.00000 0.00000 0.00000 1.00000
0.00000 0.00000 1.00000 0.00000
0.00134 0.00000 0.96271 0.03595
0.08239 0.91269 0.00000 0.00493
0.82398 0.00000 0.16406 0.01196


>CREB3L3 CREB3L3_motif2_1c934b49
0.05929 0.10887 0.01127 0.82058
0.00000 0.16007 0.83993 0.00000
1.00000 0.00000 0.00000 0.00000
0.00000 0.99093 0.00000 0.00907
0.00000 0.00119 0.99639 0.00243
0.00000 0.00104 0.00000 0.99896
0.00364 0.00000 0.99038 0.00598
0.00000 0.00000 0.97611 0.02389
0.10098 0.89902 0.00000 0.00000
0.84886 0.00000 0.13293 0.01820
0.07668 0.34561 0.36046 0.21724


>CREB3L3 CREB3L3_motif3_3e3f0e62
0.02406 0.69954 0.00645 0.26995
0.00080 0.73230 0.26690 0.00000
0.99442 0.00000 0.00000 0.00558
0.00000 1.00000 0.00000 0.00000
0.00007 0.00036 0.99942 0.00015
0.00000 0.00000 0.00174 0.99826
0.00015 0.99986 0.00000 0.00000
0.97964 0.00833 0.00000 0.01203
0.00080 0.18567 0.05457 0.75897
0.05008 0.91623 0.00000 0.03370
0.69027 0.05247 0.21458 0.04268


>CREB3L3 CREB3L3_motif4_148cba02
0.02782 0.63234 0.00436 0.33548
0.00000 0.66912 0.33088 0.00000
0.99221 0.00779 0.00000 0.00000
0.00000 1.00000 0.00000 0.00000
0.00000 0.00000 1.00000 0.00000
0.00000 0.01408 0.00000 0.98592
0.00000 1.00000 0.00000 0.00000
1.00000 0.00000 0.00000 0.00000
0.00000 0.31144 0.02489 0.66368
0.01533 0.96749 0.01718 0.00000
0.86309 0.03896 0.09795 0.00000


>FIZ1 FIZ1_motif1_f404be06
0.91254 0.02014 0.00000 0.06732
0.00000 0.06423 0.00000 0.93577
0.00016 0.01401 0.00000 0.98582
0.00020 0.92602 0.00002 0.07376
0.01022 0.00004 0.98961 0.00013
0.45716 0.50854 0.00000 0.03430
0.99790 0.00023 0.00003 0.00184
0.00000 0.78769 0.00000 0.21231
0.06455 0.32537 0.07897 0.53111
0.09597 0.67310 0.18348 0.04746
0.66573 0.05064 0.17003 0.11360
0.18802 0.23831 0.32511 0.24855
0.27005 0.23370 0.28103 0.21522
0.50519 0.18256 0.17138 0.14086
0.03623 0.89674 0.01485 0.05219


>FIZ1 FIZ1_motif2_4b424e9d
0.20898 0.21191 0.25958 0.31953
0.20986 0.18533 0.37578 0.22904
0.13249 0.08735 0.57218 0.20798
0.03842 0.03210 0.87030 0.05918
0.09587 0.30993 0.15296 0.44124
0.13749 0.18801 0.45986 0.21464
0.14327 0.51003 0.18383 0.16286
0.30934 0.09951 0.01991 0.57124
0.01648 0.09681 0.82982 0.05689
0.41540 0.01604 0.52894 0.03962
0.37956 0.00071 0.61450 0.00523
0.00000 0.00000 0.00032 0.99968
0.00802 0.00000 0.32035 0.67163
0.00493 0.98540 0.00000 0.00966
0.03727 0.00000 0.96273 0.00000
0.78524 0.17006 0.00449 0.04021
0.85902 0.00000 0.13928 0.00170
0.03222 0.16533 0.12442 0.67803
0.02256 0.35157 0.09293 0.53294


>FIZ1 FIZ1_motif3_17e0dd8a
0.19290 0.21197 0.28058 0.31454
0.20114 0.18666 0.36113 0.25107
0.14341 0.09981 0.52229 0.23449
0.04405 0.03531 0.84542 0.07522
0.08815 0.34712 0.17207 0.39266
0.11575 0.16060 0.52215 0.20150
0.12949 0.54807 0.16010 0.16234
0.36934 0.09901 0.02957 0.50209
0.01943 0.08071 0.86352 0.03634
0.37666 0.01934 0.56843 0.03556
0.44887 0.00000 0.55113 0.00000
0.00282 0.00000 0.00000 0.99718
0.00462 0.00000 0.29023 0.70516
0.00000 0.98127 0.00000 0.01874
0.02968 0.00000 0.96562 0.00470
0.76087 0.19045 0.00000 0.04869
0.98342 0.00000 0.01658 0.00000
0.02973 0.19451 0.00000 0.77576


>FIZ1 FIZ1_motif4_d0061891
0.15668 0.03945 0.61397 0.18989
0.04137 0.00364 0.92695 0.02804
0.14162 0.15397 0.17477 0.52964
0.21251 0.28400 0.22548 0.27801
0.24480 0.31965 0.24392 0.19163
0.09742 0.16709 0.04840 0.68709
0.03729 0.18053 0.69259 0.08959
0.53247 0.06944 0.32907 0.06902
0.19095 0.00000 0.80905 0.00000
0.00175 0.00000 0.00000 0.99825
0.02458 0.00000 0.51123 0.46419
0.00000 0.99055 0.00000 0.00945
0.07219 0.00000 0.92781 0.00000
1.00000 0.00000 0.00000 0.00000
0.95098 0.00000 0.04902 0.00000
0.06968 0.00000 0.00000 0.93032


>GCM1 GCM1_motif1_ebea9ee5
0.17551 0.13219 0.46149 0.23081
0.15471 0.13718 0.49536 0.21275
0.15094 0.13831 0.49145 0.21930
0.15249 0.14483 0.46987 0.23281
0.15434 0.14286 0.45449 0.24831
0.18424 0.14939 0.41081 0.25556
0.16405 0.15161 0.46677 0.21757
0.17963 0.13423 0.43522 0.25092
0.18868 0.11911 0.45620 0.23601
0.20498 0.12218 0.43161 0.24123
0.17750 0.11284 0.50462 0.20504
0.20904 0.11367 0.48572 0.19157
0.17499 0.12596 0.43861 0.26044
0.10652 0.22649 0.47294 0.19405
0.58694 0.01644 0.35392 0.04269
0.03692 0.04478 0.17518 0.74312
0.15085 0.00000 0.84356 0.00558
0.06975 0.53469 0.28752 0.10804
0.02816 0.00000 0.88932 0.08252
0.00683 0.00000 0.98527 0.00789
0.01123 0.00000 0.95786 0.03090


>GCM1 GCM1_motif2_8cbb55c5
0.14486 0.15795 0.46540 0.23180
0.17584 0.15451 0.43134 0.23832
0.17382 0.13070 0.44190 0.25358
0.17300 0.13708 0.45840 0.23152
0.13076 0.16848 0.47460 0.22616
0.18426 0.13412 0.45004 0.23159
0.18190 0.15494 0.40516 0.25800
0.19950 0.15534 0.41521 0.22995
0.18172 0.14066 0.44721 0.23040
0.22005 0.07882 0.47151 0.22962
0.15908 0.13599 0.48738 0.21756
0.22365 0.08495 0.51433 0.17707
0.15339 0.14695 0.44473 0.25493
0.11696 0.21253 0.47537 0.19515
0.57933 0.01493 0.34316 0.06258
0.08803 0.02798 0.14172 0.74228
0.15437 0.00000 0.83348 0.01215
0.08794 0.56145 0.26151 0.08910
0.01325 0.00000 0.92598 0.06076
0.00000 0.00149 0.99605 0.00246
0.00616 0.00039 0.97818 0.01527


>GCM1 GCM1_motif3_a68c71a9
0.11892 0.08269 0.51594 0.28246
0.13702 0.07239 0.57799 0.21260
0.13006 0.12216 0.47116 0.27662
0.15346 0.12398 0.48687 0.23569
0.13204 0.10795 0.49176 0.26825
0.12828 0.11926 0.49362 0.25884
0.16515 0.12205 0.52406 0.18874
0.19846 0.12126 0.43652 0.24376
0.18352 0.09654 0.50350 0.21644
0.16210 0.11205 0.44463 0.28122
0.16573 0.10489 0.53607 0.19330
0.15419 0.11238 0.55255 0.18088
0.10858 0.12601 0.52577 0.23965
0.09680 0.16519 0.59571 0.14230
0.50064 0.04432 0.38306 0.07198
0.07043 0.05183 0.19787 0.67988
0.16598 0.00245 0.79958 0.03200
0.15451 0.44940 0.28633 0.10977
0.03348 0.00033 0.82539 0.14080
0.01028 0.00000 0.88478 0.10494
0.00000 0.00007 0.92109 0.07884


>GCM1 GCM1_motif4_c49e2319
0.23635 0.29039 0.22107 0.25218
0.36354 0.22707 0.29858 0.11081
0.00000 1.00000 0.00000 0.00000
0.00000 1.00000 0.00000 0.00000
0.05404 0.94596 0.00000 0.00000
0.09935 0.36026 0.37336 0.16703
0.00000 0.43177 0.13483 0.43341
1.00000 0.00000 0.00000 0.00000


>LEUTX LEUTX_motif1_dcccbd47
0.27194 0.00000 0.49196 0.23609
0.20766 0.00000 0.79234 0.00000
0.30037 0.00000 0.69963 0.00000
1.00000 0.00000 0.00000 0.00000
0.00000 0.00000 0.00000 1.00000
0.00000 0.00000 0.00000 1.00000
1.00000 0.00000 0.00000 0.00000
0.34858 0.13350 0.30408 0.21384


>LEUTX LEUTX_motif2_68892c61
0.00000 0.00000 0.00000 1.00000
1.00000 0.00000 0.00000 0.00000
1.00000 0.00000 0.00000 0.00000
0.00000 0.00000 0.00000 1.00000
0.00000 0.73737 0.00000 0.26263
0.00000 0.78283 0.00000 0.21717
0.22896 0.51347 0.00000 0.25758
0.29461 0.25758 0.22391 0.22391


>LEUTX LEUTX_motif3_29c00f4f
0.20482 0.19277 0.33735 0.26506
0.00000 0.00000 0.00000 1.00000
1.00000 0.00000 0.00000 0.00000
1.00000 0.00000 0.00000 0.00000
0.00000 0.00000 0.00000 1.00000
0.00000 0.79518 0.00000 0.20482
0.00000 0.81928 0.00000 0.18072
0.08434 0.62651 0.00000 0.28916


>LEUTX LEUTX_motif4_849a2be2
0.31172 0.23159 0.16304 0.29365
0.32723 0.13085 0.31265 0.22927
0.25567 0.00000 0.47059 0.27374
0.14312 0.00000 0.85688 0.00000
0.00000 0.00000 1.00000 0.00000
1.00000 0.00000 0.00000 0.00000
0.00000 0.00000 0.00000 1.00000
0.00000 0.00000 0.00000 1.00000
1.00000 0.00000 0.00000 0.00000
0.46156 0.10885 0.11255 0.31705
0.30500 0.25915 0.26193 0.17392
0.25058 0.10028 0.26309 0.38606
0.18944 0.16674 0.34136 0.30245
0.30315 0.15887 0.27466 0.26332


>MKX MKX_motif1_fd3b5848
0.45361 0.00777 0.19784 0.34078
0.26587 0.16957 0.25050 0.31406
0.77185 0.00000 0.00000 0.22815
1.00000 0.00000 0.00000 0.00000
0.00000 1.00000 0.00000 0.00000
1.00000 0.00000 0.00000 0.00000
0.15663 0.02103 0.00000 0.82234
0.00000 0.08245 0.91755 0.00000


>MKX MKX_motif2_9ba186fe
0.38543 0.00000 0.29019 0.32438
0.70891 0.00000 0.00000 0.29109
1.00000 0.00000 0.00000 0.00000
0.00000 1.00000 0.00000 0.00000
1.00000 0.00000 0.00000 0.00000
0.13607 0.19277 0.00000 0.67115
0.00124 0.00000 0.99876 0.00000
0.36995 0.18111 0.16015 0.28879


>MKX MKX_motif3_ed0f969f
0.00000 1.00000 0.00000 0.00000
0.62287 0.00000 0.18341 0.19372
0.00000 0.00000 0.00000 1.00000
0.00000 0.00000 1.00000 0.00000
0.00000 0.00000 0.00000 1.00000
0.32776 0.00000 0.00000 0.67224
0.29476 0.26643 0.12930 0.30951
0.22992 0.16866 0.18616 0.41526


>MKX MKX_motif4_05ae8569
0.00015 0.99985 0.00000 0.00000
0.70134 0.00000 0.15969 0.13897
0.00000 0.00000 0.00000 1.00000
0.00000 0.00000 1.00000 0.00000
0.00000 0.00000 0.00000 1.00000
0.26413 0.00000 0.00000 0.73587
0.29813 0.26093 0.08974 0.35120
0.20416 0.16022 0.18634 0.44928


>MSANTD1 MSANTD1_motif1_dcb100f7
0.19023 0.15654 0.50892 0.14431
0.15420 0.44422 0.23128 0.17031
0.78180 0.00000 0.11070 0.10751
0.00000 1.00000 0.00000 0.00000
0.00000 0.00000 0.00000 1.00000
0.00000 0.00000 0.00000 1.00000
1.00000 0.00000 0.00000 0.00000
1.00000 0.00000 0.00000 0.00000


>MSANTD1 MSANTD1_motif2_e037da06
0.18396 0.15534 0.52269 0.13801
0.14624 0.47584 0.21808 0.15984
0.82231 0.00000 0.08731 0.09038
0.00000 1.00000 0.00000 0.00000
0.00000 0.00000 0.00000 1.00000
0.00000 0.00000 0.00000 1.00000
1.00000 0.00000 0.00000 0.00000
1.00000 0.00000 0.00000 0.00000


>MSANTD1 MSANTD1_motif3_5bcf90ef
0.08696 0.66304 0.11957 0.13043
0.00000 0.00000 0.00000 1.00000
0.00000 0.00000 0.00000 1.00000
1.00000 0.00000 0.00000 0.00000
1.00000 0.00000 0.00000 0.00000
0.00000 0.00000 1.00000 0.00000
0.25000 0.09783 0.01087 0.64130
0.17391 0.04348 0.54348 0.23913
0.16304 0.32609 0.29348 0.21739
0.11957 0.17391 0.46739 0.23913


>MSANTD1 MSANTD1_motif4_d52b2acc
0.21259 0.25282 0.43677 0.09782
0.07046 0.62358 0.16465 0.14132
0.90463 0.00000 0.00000 0.09537
0.00000 1.00000 0.00000 0.00000
0.00000 0.00000 0.00000 1.00000
0.00000 0.00000 0.00000 1.00000
1.00000 0.00000 0.00000 0.00000
1.00000 0.00000 0.00000 0.00000


>MYF6 MYF6_motif1_e429dd59
0.45675 0.08519 0.41415 0.04391
0.41383 0.11730 0.46887 0.00000
0.00000 1.00000 0.00000 0.00000
1.00000 0.00000 0.00000 0.00000
0.02326 0.00000 0.97674 0.00000
0.00000 0.64089 0.34404 0.01507
0.09928 0.13303 0.00000 0.76769
0.00000 0.00000 1.00000 0.00000


>MYF6 MYF6_motif2_eb01cf1d
0.19208 0.31185 0.40233 0.09375
0.00000 1.00000 0.00000 0.00000
0.81577 0.00000 0.08800 0.09623
0.02602 0.37670 0.57518 0.02210
0.00000 0.98222 0.00000 0.01778
0.00288 0.00000 0.00000 0.99712
0.00000 0.00000 1.00000 0.00000
0.01543 0.47424 0.08277 0.42756
0.02406 0.40677 0.09349 0.47568
0.18070 0.31708 0.25798 0.24425
0.13468 0.41815 0.19417 0.25301


>MYF6 MYF6_motif3_87dcdfab
0.22207 0.30350 0.38673 0.08769
0.00000 1.00000 0.00000 0.00000
0.84366 0.01810 0.07234 0.06590
0.01974 0.37223 0.56950 0.03853
0.00000 0.97168 0.00000 0.02832
0.02420 0.00000 0.00000 0.97580
0.00000 0.00000 1.00000 0.00000
0.02214 0.46096 0.08023 0.43667
0.01090 0.42252 0.07723 0.48936
0.19925 0.30256 0.23494 0.26326
0.11636 0.39858 0.21443 0.27064


>MYF6 MYF6_motif4_9515628d
0.00000 1.00000 0.00000 0.00000
0.82450 0.00000 0.08176 0.09374
0.03172 0.37002 0.59157 0.00670
0.01656 0.95407 0.00000 0.02937
0.00000 0.00000 0.00000 1.00000
0.00000 0.00000 1.00000 0.00000
0.01844 0.44156 0.09280 0.44720
0.04381 0.36709 0.10913 0.47997


>MYPOP MYPOP_motif1_c6b4d700
0.26286 0.17785 0.17934 0.37994
0.08203 0.15585 0.08799 0.67412
0.42841 0.02274 0.09135 0.45749
0.06823 0.00522 0.90902 0.01752
0.00410 0.99590 0.00000 0.00000
0.06078 0.00820 0.92729 0.00373
0.05593 0.75205 0.02386 0.16816
0.23154 0.31730 0.15623 0.29493


>MYPOP MYPOP_motif2_18da9518
0.25915 0.17683 0.42759 0.13643
0.16921 0.01524 0.75305 0.06250
0.00076 0.94055 0.01448 0.04421
0.00381 0.00152 0.99467 0.00000
0.02210 0.93369 0.00305 0.04116
0.54726 0.00610 0.00229 0.44436
0.82393 0.04040 0.11662 0.01905
0.42988 0.15168 0.14101 0.27744


>MYPOP MYPOP_motif3_9273c3f9
0.28580 0.16382 0.15498 0.39540
0.02829 0.14378 0.04420 0.78374
0.46612 0.00354 0.00589 0.52446
0.04832 0.00648 0.92634 0.01886
0.00118 0.99882 0.00000 0.00000
0.05775 0.00943 0.92988 0.00295
0.06895 0.72481 0.02534 0.18091
0.15851 0.40306 0.17502 0.26341


>MYPOP MYPOP_motif4_e3d1dc88
0.26855 0.18846 0.18316 0.35984
0.09364 0.18021 0.10247 0.62367
0.43463 0.03298 0.10189 0.43051
0.07185 0.00766 0.89694 0.02356
0.00059 0.99706 0.00000 0.00236
0.05889 0.01178 0.92933 0.00000
0.06125 0.75206 0.02768 0.15901
0.25147 0.31037 0.13722 0.30094


>PRDM13 PRDM13_motif1_253e399b
0.15299 0.33925 0.34701 0.16075
0.25832 0.10976 0.39024 0.24169
0.16408 0.00000 0.83592 0.00000
0.00000 1.00000 0.00000 0.00000
0.55987 0.00000 0.00000 0.44013
0.00000 0.00000 1.00000 0.00000
0.00000 0.00000 1.00000 0.00000
0.00000 0.00000 0.00000 1.00000


>PRDM13 PRDM13_motif2_6c0193fb
0.00000 1.00000 0.00000 0.00000
0.49724 0.00000 0.00000 0.50276
0.00000 0.00000 1.00000 0.00000
0.00000 0.52762 0.47238 0.00000
0.38674 0.00000 0.00000 0.61326
0.00000 0.00000 1.00000 0.00000
0.05525 0.35359 0.44475 0.14641
0.17680 0.31492 0.22099 0.28729


>PRDM13 PRDM13_motif3_8d20d09a
0.11655 0.68243 0.11486 0.08615
0.83953 0.00000 0.00000 0.16047
0.00000 0.66892 0.33108 0.00000
0.00000 1.00000 0.00000 0.00000
0.45777 0.00000 0.00000 0.54223
0.00000 0.00000 1.00000 0.00000
0.00000 0.65709 0.27534 0.06757
0.20101 0.33784 0.11149 0.34966


>PRDM13 PRDM13_motif4_0a8d9d66
0.12507 0.29244 0.45682 0.12567
0.13282 0.36748 0.34604 0.15366
0.28767 0.09768 0.37284 0.24181
0.12746 0.02442 0.84812 0.00000
0.00000 0.92912 0.07088 0.00000
0.47588 0.00000 0.10482 0.41930
0.00000 0.00000 1.00000 0.00000
0.00000 0.06909 0.93091 0.00000
0.03157 0.00000 0.00000 0.96843
0.10542 0.08815 0.70697 0.09946
0.07802 0.34306 0.46516 0.11376
0.13579 0.41632 0.23169 0.21620
0.17391 0.21024 0.39905 0.21680
0.14354 0.24538 0.49434 0.11674


>SALL3 SALL3_motif1_bb7ac32e
0.36913 0.01202 0.03063 0.58821
0.15898 0.04537 0.05196 0.74370
0.23148 0.73323 0.03528 0.00000
1.00000 0.00000 0.00000 0.00000
0.00000 0.00000 0.00000 1.00000
0.93021 0.04381 0.01978 0.00620
0.40752 0.00000 0.00000 0.59248
0.05700 0.23187 0.02520 0.68593


>SALL3 SALL3_motif2_550b0da4
0.59846 0.22863 0.17291 0.00000
0.73775 0.00000 0.00000 0.26225
0.00000 0.00000 0.00000 1.00000
1.00000 0.00000 0.00000 0.00000
0.00000 0.00000 0.00000 1.00000
0.00000 0.13833 0.43324 0.42843
0.60903 0.05764 0.07108 0.26225
0.54179 0.06436 0.00000 0.39385


>SALL3 SALL3_motif3_d9ee3af8
0.24529 0.07815 0.20936 0.46720
0.50770 0.03879 0.17855 0.27496
0.72219 0.03879 0.22190 0.01711
0.59327 0.00000 0.00000 0.40673
0.00000 0.00057 0.01654 0.98289
1.00000 0.00000 0.00000 0.00000
0.00000 0.00000 0.00000 1.00000
0.00000 0.02795 0.74558 0.22647
0.79920 0.02681 0.03195 0.14204
0.60525 0.01654 0.00628 0.37193
0.29378 0.01768 0.02396 0.66458


>SALL3 SALL3_motif4_74d697ac
0.65594 0.01788 0.02432 0.30186
0.38412 0.00858 0.01431 0.59299
0.14235 0.05722 0.02933 0.77110
0.27611 0.72389 0.00000 0.00000
1.00000 0.00000 0.00000 0.00000
0.00000 0.00000 0.00000 1.00000
0.97425 0.01645 0.00930 0.00000
0.41631 0.00000 0.00000 0.58369
0.05293 0.23247 0.03004 0.68455
0.29900 0.17310 0.05150 0.47640
0.45780 0.18097 0.09299 0.26824


>SP140L SP140L_motif1_bef24df5
0.12745 0.04986 0.46872 0.35396
0.23478 0.13109 0.34533 0.28880
0.20056 0.12819 0.28258 0.38868
0.04761 0.05690 0.61764 0.27786
0.08723 0.11153 0.63251 0.16873
0.21273 0.00000 0.40659 0.38067
0.18307 0.03922 0.36301 0.41471
0.16616 0.18246 0.52160 0.12979
0.15721 0.16863 0.37219 0.30196
0.10647 0.04135 0.59295 0.25924
0.15103 0.11576 0.39459 0.33863
0.14407 0.21341 0.45863 0.18389
0.03018 0.17282 0.59452 0.20247
0.18644 0.06635 0.35998 0.38722
0.14521 0.01860 0.44947 0.38673
0.21154 0.22882 0.40213 0.15751
0.03696 0.14032 0.62010 0.20262
0.22202 0.25555 0.32018 0.20225
0.27286 0.02706 0.35199 0.34808
0.18345 0.20014 0.41341 0.20300
0.15598 0.00000 0.56695 0.27707
0.22772 0.09766 0.33345 0.34118
0.13592 0.14153 0.47271 0.24984
0.10054 0.14067 0.51404 0.24475
0.12745 0.17387 0.38427 0.31441
0.03132 0.11774 0.57699 0.27395
0.03646 0.00000 0.74177 0.22177
0.10199 0.15336 0.41331 0.33134
0.00000 0.00000 0.67015 0.32985


>SP140L SP140L_motif2_bead7742
0.21081 0.11258 0.42178 0.25483
0.14912 0.05006 0.50910 0.29172
0.18854 0.15275 0.37424 0.28447
0.19360 0.12659 0.42034 0.25948
0.00000 0.05384 0.63183 0.31433
0.14520 0.20787 0.36718 0.27975
0.20511 0.09680 0.44111 0.25698
0.00000 0.10039 0.63719 0.26242
0.28583 0.01208 0.34140 0.36069
0.00000 0.18582 0.50117 0.31301
0.09306 0.12470 0.35193 0.43031
0.32517 0.10144 0.15565 0.41774
0.07785 0.03266 0.64807 0.24143
0.11930 0.08475 0.48324 0.31271
0.18163 0.15599 0.43710 0.22527
0.25646 0.21006 0.30116 0.23233
0.10001 0.11945 0.70035 0.08019
0.13244 0.08192 0.41019 0.37545
0.06459 0.14844 0.46715 0.31981
0.11862 0.00600 0.64033 0.23505
0.24985 0.19567 0.16762 0.38685
0.20119 0.10273 0.39920 0.29689
0.00000 0.07320 0.85888 0.06792
0.06886 0.00000 0.61009 0.32105
0.10314 0.09283 0.53802 0.26601
0.10510 0.11881 0.39977 0.37632
0.22123 0.13202 0.49773 0.14901
0.00000 0.10956 0.76967 0.12077
0.16351 0.07324 0.50902 0.25423


>SP140L SP140L_motif3_3c8b91ad
0.08515 0.43989 0.21533 0.25964
0.00018 0.06397 0.92942 0.00644
0.17995 0.00000 0.09672 0.72333
0.13097 0.16458 0.43476 0.26969
0.23137 0.10536 0.46168 0.20159
0.19452 0.26590 0.22084 0.31873
0.19557 0.00007 0.52135 0.28301
0.13562 0.16656 0.31052 0.38730
0.18727 0.03621 0.50587 0.27065
0.09650 0.22731 0.39484 0.28135
0.11626 0.04044 0.52285 0.32045
0.17292 0.10462 0.39392 0.32854
0.14984 0.10029 0.49123 0.25865
0.20129 0.09208 0.50263 0.20400
0.04534 0.16826 0.46538 0.32102
0.13483 0.02353 0.44827 0.39337
0.18302 0.15108 0.43696 0.22894
0.25034 0.09175 0.43325 0.22467
0.10536 0.17698 0.48068 0.23698
0.21855 0.14834 0.41713 0.21599
0.14389 0.19865 0.50708 0.15037
0.03062 0.15255 0.51559 0.30123
0.13483 0.12473 0.50178 0.23866
0.22367 0.05630 0.33680 0.38323
0.12606 0.12023 0.42232 0.33139
0.18176 0.06042 0.48247 0.27535
0.05032 0.32883 0.43386 0.18699
0.00009 0.00000 0.81773 0.18218
0.07782 0.10739 0.43309 0.38170


>SP140L SP140L_motif4_a3c53ac5
0.16433 0.08964 0.50243 0.24361
0.14089 0.00012 0.51118 0.34781
0.18410 0.08238 0.43719 0.29634
0.09852 0.22775 0.33470 0.33903
0.17446 0.08770 0.52758 0.21027
0.08549 0.10411 0.46177 0.34864
0.18799 0.08251 0.45440 0.27510
0.07100 0.22001 0.52475 0.18425
0.23528 0.15142 0.45012 0.16319
0.10313 0.14871 0.31063 0.43752
0.23528 0.15060 0.28413 0.32998
0.27318 0.03143 0.43606 0.25933
0.11765 0.23528 0.43749 0.20958
0.15675 0.00000 0.60657 0.23668
0.20316 0.12807 0.37874 0.29003
0.15984 0.18262 0.40346 0.25409
0.30315 0.16538 0.43693 0.09454
0.00771 0.15600 0.62787 0.20842
0.00000 0.22482 0.50752 0.26766
0.27641 0.09563 0.28622 0.34174
0.09159 0.17430 0.46404 0.27008
0.04283 0.00000 0.63940 0.31777
0.13157 0.22166 0.28800 0.35877
0.19221 0.14506 0.39710 0.26563
0.00006 0.04756 0.65544 0.29694
0.22255 0.09878 0.42202 0.25666
0.00000 0.00000 0.96983 0.03017
0.11457 0.22101 0.46722 0.19719
0.16305 0.05616 0.46916 0.31163
0.13054 0.00000 0.61864 0.25082


>TPRX1 TPRX1_motif1_f73b4109
0.00000 0.00000 0.00000 1.00000
0.93485 0.00000 0.06516 0.00000
1.00000 0.00000 0.00000 0.00000
0.00000 0.00000 0.00000 1.00000
0.00000 1.00000 0.00000 0.00000
0.00001 0.67039 0.17356 0.15604
0.06967 0.19404 0.44134 0.29496
0.24880 0.11365 0.19591 0.44165


>TPRX1 TPRX1_motif2_7fb250bc
0.00000 0.00000 0.00000 1.00000
0.86897 0.00000 0.13103 0.00000
1.00000 0.00000 0.00000 0.00000
0.00000 0.00000 0.00000 1.00000
0.00000 1.00000 0.00000 0.00000
0.00000 0.64773 0.15914 0.19313
0.07576 0.19309 0.40091 0.33024
0.20560 0.15548 0.23697 0.40196


>TPRX1 TPRX1_motif3_c045656c
0.00000 0.00000 0.00000 1.00000
1.00000 0.00000 0.00000 0.00000
1.00000 0.00000 0.00000 0.00000
0.00000 0.00000 0.00000 1.00000
0.00000 1.00000 0.00000 0.00000
0.00000 0.58359 0.16935 0.24706
0.10567 0.20212 0.36643 0.32578
0.21709 0.15089 0.23008 0.40195


>TPRX1 TPRX1_motif4_3719de22
0.13660 0.09270 0.09783 0.67287
0.46027 0.08554 0.13253 0.32166
0.77933 0.04819 0.06862 0.10386
0.26226 0.06608 0.17398 0.49768
0.20189 0.59597 0.16187 0.04027
0.08920 0.08414 0.80351 0.02315
0.00196 0.00161 0.99547 0.00096
0.96486 0.03310 0.00000 0.00204
0.00000 0.00000 0.00000 1.00000
0.02220 0.07439 0.00805 0.89536
0.96836 0.00106 0.01117 0.01940


>USF3 USF3_motif1_7dd0f298
0.20155 0.44186 0.34884 0.00775
0.13953 0.71318 0.00000 0.14729
0.00775 0.99225 0.00000 0.00000
1.00000 0.00000 0.00000 0.00000
0.00000 1.00000 0.00000 0.00000
0.00000 0.00000 1.00000 0.00000
0.00000 0.00000 0.00000 1.00000
0.00000 0.00000 1.00000 0.00000


>USF3 USF3_motif2_0cebf98c
0.20465 0.40465 0.39070 0.00000
0.09767 0.69302 0.00000 0.20930
0.00000 1.00000 0.00000 0.00000
1.00000 0.00000 0.00000 0.00000
0.00000 1.00000 0.00000 0.00000
0.00000 0.00000 1.00000 0.00000
0.00000 0.00000 0.00000 1.00000
0.00000 0.00000 1.00000 0.00000


>USF3 USF3_motif3_c6977cdc
0.00000 1.00000 0.00000 0.00000
1.00000 0.00000 0.00000 0.00000
0.00000 1.00000 0.00000 0.00000
0.00000 0.00000 1.00000 0.00000
0.00000 0.00000 0.00000 1.00000
0.00000 0.00000 1.00000 0.00000
0.19298 0.00000 0.80702 0.00000
0.00000 0.34210 0.42105 0.23684
0.08772 0.50877 0.16667 0.23684
0.19298 0.41228 0.08772 0.30702


>USF3 USF3_motif4_cc3af297
0.16167 0.49817 0.26189 0.07827
0.07388 0.72202 0.09803 0.10607
0.02926 0.97074 0.00000 0.00000
0.97001 0.00000 0.01536 0.01463
0.00000 1.00000 0.00000 0.00000
0.00000 0.00000 1.00000 0.00000
0.01902 0.03146 0.00000 0.94952
0.00000 0.00000 0.97879 0.02121
0.10315 0.10315 0.71251 0.08120
0.09071 0.28895 0.46891 0.15143
0.13680 0.38478 0.25969 0.21873


>ZBED2 ZBED2_motif1_1871d7f7
0.41838 0.00000 0.52324 0.05838
0.00000 0.00000 0.99784 0.00216
0.00000 0.04324 0.31568 0.64108
0.00000 0.00000 0.00000 1.00000
0.00000 0.00000 0.00000 1.00000
0.00541 0.99460 0.00000 0.00000
0.00000 0.00000 1.00000 0.00000
0.12108 0.16108 0.36216 0.35568


>ZBED2 ZBED2_motif2_303557e4
0.35628 0.00000 0.59300 0.05072
0.00000 0.00000 1.00000 0.00000
0.00000 0.02778 0.33937 0.63285
0.00000 0.00000 0.00000 1.00000
0.00000 0.00000 0.00000 1.00000
0.00604 0.99396 0.00000 0.00000
0.00000 0.00000 1.00000 0.00000
0.07730 0.19203 0.41425 0.31643


>ZBED2 ZBED2_motif3_bf29ba42
0.28571 0.00000 0.60000 0.11429
0.00000 0.00000 1.00000 0.00000
0.00000 0.07619 0.44762 0.47619
0.00000 0.00000 0.00000 1.00000
0.00000 0.00000 0.00000 1.00000
0.00000 1.00000 0.00000 0.00000
0.00000 0.00000 1.00000 0.00000
0.14286 0.17143 0.28571 0.40000


>ZBED2 ZBED2_motif4_af0798be
0.19584 0.20200 0.24287 0.35929
0.36469 0.00000 0.59291 0.04241
0.00000 0.00000 1.00000 0.00000
0.00000 0.03855 0.36469 0.59676
0.00000 0.00000 0.00000 1.00000
0.00000 0.00000 0.00000 1.00000
0.00848 0.99152 0.00000 0.00000
0.00000 0.00000 1.00000 0.00000
0.13493 0.15574 0.36392 0.34541
0.20278 0.17579 0.47340 0.14803


>ZBED5 ZBED5_motif1_84ebcead
0.09306 0.00000 0.76872 0.13822
0.00000 0.00152 0.93119 0.06729
0.00637 0.05759 0.86299 0.07305
0.00364 0.00182 0.00000 0.99454
0.02001 0.09579 0.22401 0.66020
0.00000 1.00000 0.00000 0.00000
0.00000 0.82601 0.00000 0.17399
0.15277 0.46165 0.21825 0.16732
0.26917 0.25887 0.20097 0.27099
0.29130 0.12458 0.48954 0.09457
0.29342 0.13671 0.46256 0.10730


>ZBED5 ZBED5_motif2_d8a863c2
0.10476 0.14381 0.64952 0.10190
0.00381 0.00000 0.93714 0.05905
0.00000 0.00000 0.99238 0.00762
0.28476 0.16095 0.00000 0.55429
0.33238 0.10190 0.17905 0.38667
0.00000 1.00000 0.00000 0.00000
0.00000 0.94667 0.00000 0.05333
0.11524 0.49905 0.24571 0.14000


>ZBED5 ZBED5_motif3_a8a07bf2
0.10172 0.00000 0.86799 0.03029
0.00000 0.00000 0.89043 0.10957
0.00075 0.02618 0.97307 0.00000
0.20419 0.07068 0.00000 0.72513
0.16829 0.11107 0.22775 0.49290
0.00000 1.00000 0.00000 0.00000
0.00262 0.98878 0.00000 0.00860
0.21204 0.40239 0.18474 0.20082
0.14473 0.29731 0.26215 0.29581
0.20681 0.12902 0.55647 0.10770
0.19147 0.15333 0.55460 0.10060


>ZBED5 ZBED5_motif4_c1ebe665
0.00000 0.00000 1.00000 0.00000
0.00000 0.00000 1.00000 0.00000
0.36162 0.20278 0.14683 0.28877
0.58205 0.00000 0.09801 0.31994
0.00000 1.00000 0.00000 0.00000
0.04131 0.95869 0.00000 0.00000
0.06571 0.76192 0.00000 0.17236
0.15359 0.41119 0.15021 0.28502


>ZBTB47 ZBTB47_motif1_88f2f26c
0.00973 0.16224 0.51818 0.30985
0.76368 0.06712 0.08843 0.08077
0.92439 0.00971 0.02379 0.04210
0.67529 0.04709 0.21354 0.06408
0.00648 0.01051 0.94571 0.03731
0.04297 0.00326 0.94605 0.00772
0.00000 0.00000 1.00000 0.00000
0.00000 0.00013 0.00000 0.99987
0.00000 0.00000 0.00015 0.99985
1.00000 0.00000 0.00000 0.00000
0.99482 0.00394 0.00063 0.00061


>ZBTB47 ZBTB47_motif2_dd61ddea
0.12093 0.37520 0.23859 0.26527
0.47894 0.17842 0.27656 0.06607
0.42444 0.18211 0.21756 0.17589
0.11911 0.24711 0.33033 0.30345
0.00354 0.11367 0.61810 0.26469
0.81384 0.04618 0.07657 0.06341
0.95641 0.00359 0.01321 0.02679
0.68730 0.02747 0.23683 0.04840
0.00230 0.00253 0.97800 0.01717
0.01908 0.00000 0.97802 0.00290
0.00000 0.00000 1.00000 0.00000
0.00000 0.00000 0.00000 1.00000
0.00027 0.00000 0.00000 0.99973
1.00000 0.00000 0.00000 0.00000
0.99869 0.00131 0.00000 0.00000


>ZBTB47 ZBTB47_motif3_0e484e89
0.13970 0.34898 0.24730 0.26402
0.43885 0.20334 0.27203 0.08578
0.40033 0.19909 0.20833 0.19226
0.13495 0.22562 0.33925 0.30019
0.00900 0.13720 0.54171 0.31209
0.75677 0.06280 0.09575 0.08468
0.92007 0.00890 0.02658 0.04445
0.66211 0.04058 0.23218 0.06513
0.00593 0.00653 0.95483 0.03271
0.03349 0.00306 0.95533 0.00811
0.00000 0.00000 1.00000 0.00000
0.00027 0.00000 0.00000 0.99973
0.00000 0.00051 0.00015 0.99934
0.99995 0.00000 0.00000 0.00005
0.99575 0.00357 0.00068 0.00000


>ZBTB47 ZBTB47_motif4_737794c2
0.15666 0.31571 0.26558 0.26205
0.39389 0.21681 0.27772 0.11158
0.37740 0.20224 0.21228 0.20808
0.15277 0.21580 0.33850 0.29293
0.01983 0.14672 0.50144 0.33201
0.68700 0.08147 0.11912 0.11241
0.85825 0.01925 0.05307 0.06943
0.62034 0.05317 0.24280 0.08369
0.01206 0.01450 0.92061 0.05282
0.05333 0.00671 0.92205 0.01791
0.00059 0.00000 0.99941 0.00000
0.00000 0.00000 0.00000 1.00000
0.00080 0.00000 0.00000 0.99920
1.00000 0.00000 0.00000 0.00000
0.98671 0.00921 0.00230 0.00178


>ZFTA ZFTA_motif1_2f184792
0.28241 0.13889 0.35185 0.22685
0.00000 0.00000 0.63889 0.36111
0.00000 0.00000 1.00000 0.00000
0.00000 0.00000 0.90278 0.09722
0.00000 1.00000 0.00000 0.00000
0.00000 1.00000 0.00000 0.00000
0.16204 0.83796 0.00000 0.00000
0.11111 0.80093 0.00000 0.08796


>ZFTA ZFTA_motif2_397ec9c6
0.03900 0.06109 0.65932 0.24059
0.00000 0.00000 0.30966 0.69034
0.00000 0.00000 1.00000 0.00000
0.00000 0.00000 0.99996 0.00004
0.00000 1.00000 0.00000 0.00000
0.00000 1.00000 0.00000 0.00000
0.00000 1.00000 0.00000 0.00000
0.00000 0.67156 0.00000 0.32844


>ZFTA ZFTA_motif3_3429b2f7
0.28571 0.17857 0.20918 0.32653
0.00000 0.00000 0.75510 0.24490
0.00000 0.00000 0.45408 0.54592
0.00000 0.00000 1.00000 0.00000
0.00000 0.00000 1.00000 0.00000
0.00000 1.00000 0.00000 0.00000
0.00000 1.00000 0.00000 0.00000
0.00000 1.00000 0.00000 0.00000


>ZFTA ZFTA_motif4_4e2a18be
0.00000 0.00863 0.82253 0.16883
0.00000 0.00000 0.30850 0.69150
0.00000 0.00000 1.00000 0.00000
0.00000 0.00000 1.00000 0.00000
0.00000 1.00000 0.00000 0.00000
0.00000 1.00000 0.00000 0.00000
0.00000 1.00000 0.00000 0.00000
0.00000 0.56249 0.00000 0.43751


>ZNF20 ZNF20_motif1_398d5ccb
0.87532 0.00254 0.05089 0.07125
0.01272 0.00000 0.98728 0.00000
0.00000 0.36132 0.00000 0.63868
0.69720 0.24936 0.05344 0.00000
0.00254 0.73282 0.11959 0.14504
0.37913 0.00763 0.34606 0.26718
0.00000 0.94911 0.00000 0.05089
0.11959 0.00000 0.04071 0.83969
0.00509 0.82443 0.05089 0.11959
0.05344 0.83715 0.07888 0.03053
0.45293 0.26463 0.00763 0.27481
0.35878 0.41730 0.20865 0.01527
0.39186 0.43766 0.06870 0.10178
0.29008 0.09924 0.35623 0.25445
0.56234 0.23410 0.13232 0.07125


>ZNF20 ZNF20_motif2_a066ccec
0.13140 0.18931 0.44543 0.23385
0.17483 0.16036 0.56681 0.09800
0.51114 0.21381 0.07016 0.20490
0.40757 0.13029 0.42094 0.04120
0.66926 0.05011 0.01893 0.26169
0.00891 0.00000 0.99109 0.00000
0.00000 0.05122 0.00000 0.94878
0.92428 0.00223 0.07350 0.00000
0.00000 0.97773 0.00000 0.02227
0.34744 0.01225 0.07238 0.56793
0.03007 0.58797 0.05902 0.32294
0.18597 0.03898 0.18374 0.59131
0.06681 0.68597 0.11804 0.12918
0.13029 0.60579 0.15145 0.11247
0.29065 0.14811 0.09020 0.47105


>ZNF20 ZNF20_motif3_b0fd2a04
0.50281 0.05056 0.12640 0.32022
0.04588 0.02247 0.81648 0.11517
0.00468 0.06835 0.91479 0.01217
0.62360 0.09270 0.00655 0.27715
0.12921 0.00000 0.87079 0.00000
0.47565 0.09925 0.01405 0.41105
0.03277 0.00000 0.96723 0.00000
0.00000 0.02715 0.01873 0.95412
0.86142 0.00000 0.13858 0.00000
0.00000 0.98127 0.00281 0.01592
0.21816 0.02809 0.04775 0.70599


>ZNF20 ZNF20_motif4_47c02150
0.60675 0.22026 0.09247 0.08052
0.66234 0.05558 0.03429 0.24779
0.01662 0.00000 0.98338 0.00000
0.00000 0.12312 0.00156 0.87533
0.94753 0.00156 0.05091 0.00000
0.00000 0.95117 0.00000 0.04883
0.46753 0.01091 0.09351 0.42805
0.00000 0.89143 0.00000 0.10857
0.27273 0.00727 0.10182 0.61818
0.00987 0.91325 0.06805 0.00883
0.11636 0.79948 0.01662 0.06753


>ZNF251 ZNF251_motif1_fa321362
0.14794 0.21370 0.34520 0.29315
0.19726 0.40822 0.15343 0.24110
0.24110 0.29315 0.18630 0.27945
0.19452 0.24384 0.21096 0.35069
0.15343 0.15616 0.10137 0.58904
0.16712 0.11781 0.07123 0.64384
0.07671 0.01370 0.52055 0.38904
0.00548 0.93973 0.00000 0.05480
0.81644 0.03288 0.11233 0.03836
0.00000 0.73151 0.19452 0.07397
0.00548 0.00000 0.00274 0.99178
0.11233 0.06849 0.04657 0.77260
0.87945 0.00822 0.07945 0.03288
0.44932 0.01370 0.52055 0.01644
0.00274 0.96164 0.00000 0.03562
0.52877 0.01096 0.44110 0.01918
0.03836 0.88219 0.00548 0.07397
0.32055 0.45205 0.07671 0.15069
0.09863 0.27671 0.32329 0.30137
0.15343 0.04931 0.04931 0.74794
0.21644 0.20274 0.23288 0.34795
0.10959 0.24110 0.20000 0.44932
0.13973 0.61918 0.08493 0.15616
0.28767 0.28219 0.08493 0.34520
0.14247 0.26027 0.26849 0.32877
0.17808 0.29589 0.20548 0.32055
0.28767 0.27945 0.15343 0.27945
0.32877 0.22740 0.22466 0.21918
0.19452 0.29863 0.17260 0.33425


>ZNF251 ZNF251_motif2_b66c8ac7
0.38473 0.05955 0.33343 0.22229
0.15419 0.06486 0.67512 0.10584
0.46285 0.18779 0.24558 0.10377
0.30071 0.25531 0.21610 0.22789
0.71963 0.04511 0.07930 0.15596
0.33844 0.24882 0.28243 0.13031
0.26533 0.03508 0.44929 0.25029
0.07341 0.01857 0.87235 0.03567
0.05248 0.39092 0.04363 0.51297
0.01710 0.00000 0.98290 0.00000
0.04599 0.56869 0.02123 0.36409
0.02830 0.12382 0.00826 0.83962
0.74882 0.07459 0.10702 0.06957
0.99617 0.00324 0.00000 0.00059
0.07075 0.16981 0.75943 0.00000
0.10613 0.10554 0.07960 0.70873
0.03980 0.02093 0.92689 0.01238
0.49293 0.40596 0.04422 0.05690
0.63149 0.07960 0.13768 0.15124
0.63827 0.09169 0.15006 0.11999
0.42276 0.20902 0.22877 0.13945


>ZNF251 ZNF251_motif3_2c1f1c3b
0.16667 0.26068 0.19658 0.37607
0.31624 0.23077 0.21368 0.23932
0.14530 0.20513 0.36325 0.28632
0.17521 0.45299 0.18376 0.18803
0.27350 0.26068 0.16239 0.30342
0.19231 0.20940 0.20940 0.38889
0.16239 0.13248 0.10256 0.60256
0.17949 0.11111 0.08120 0.62821
0.07692 0.01282 0.52137 0.38889
0.00000 0.94017 0.00427 0.05556
0.81197 0.04274 0.09829 0.04701
0.01282 0.69231 0.21795 0.07692
0.00427 0.00855 0.00000 0.98718
0.11539 0.05128 0.03846 0.79487
0.86325 0.00000 0.09829 0.03846
0.50000 0.01282 0.47008 0.01709
0.00427 0.98291 0.00000 0.01282
0.52564 0.00855 0.45299 0.01282
0.02992 0.91880 0.00000 0.05128
0.32051 0.46581 0.06838 0.14530
0.04274 0.34188 0.30769 0.30769
0.15385 0.04274 0.04274 0.76068
0.22650 0.22650 0.19231 0.35470
0.08547 0.23504 0.22222 0.45726
0.14103 0.62821 0.07692 0.15385


>ZNF251 ZNF251_motif4_f084194c
0.10115 0.11649 0.11745 0.66491
0.06376 0.02541 0.42809 0.48274
0.00479 0.95973 0.01582 0.01965
0.75887 0.06376 0.08341 0.09396
0.00000 0.74401 0.19799 0.05801
0.00048 0.00000 0.00000 0.99952
0.09300 0.11218 0.11409 0.68073
0.88351 0.00000 0.09108 0.02541
0.34276 0.00767 0.63375 0.01582
0.00240 0.99760 0.00000 0.00000
0.46069 0.06472 0.44487 0.02972
0.08150 0.85906 0.01630 0.04315
0.16155 0.48322 0.05513 0.30010
0.08821 0.30681 0.21812 0.38687
0.16731 0.08629 0.07287 0.67354


>ZNF286B ZNF286B_motif1_4be0ee99
0.01015 0.00356 0.97270 0.01359
0.00668 0.00092 0.13730 0.85510
1.00000 0.00000 0.00000 0.00000
0.97698 0.01722 0.00421 0.00159
0.00243 0.17818 0.00476 0.81463
0.00361 0.00000 0.99639 0.00000
1.00000 0.00000 0.00000 0.00000
0.00072 0.00000 0.98493 0.01435
0.10593 0.77241 0.03847 0.08319
0.00282 0.42304 0.00418 0.56996
0.13157 0.04494 0.01033 0.81316
0.18735 0.79131 0.01228 0.00906
0.00463 0.96967 0.00171 0.02399
0.05884 0.88807 0.01202 0.04107
0.50971 0.01222 0.46582 0.01225


>ZNF286B ZNF286B_motif2_a8777d52
0.00841 0.45872 0.00985 0.52303
0.03802 0.00973 0.90233 0.04992
0.01840 0.00000 0.98160 0.00000
0.00000 0.01055 0.81294 0.17651
0.83400 0.00625 0.03863 0.12112
0.57756 0.00249 0.41872 0.00123
0.08347 0.03235 0.78292 0.10126
0.01087 0.98913 0.00000 0.00000
0.00000 0.00000 0.00000 1.00000
0.00000 0.99630 0.00000 0.00370
0.81596 0.00477 0.17927 0.00000
0.00000 0.00439 0.01680 0.97881
0.00000 0.00000 0.00000 1.00000


>ZNF286B ZNF286B_motif3_bca5c3f0
0.11115 0.01190 0.80925 0.06770
0.01343 0.00128 0.97611 0.00918
0.00516 0.00783 0.48818 0.49883
0.86522 0.00479 0.01972 0.11027
0.71031 0.00446 0.28523 0.00000
0.03725 0.10463 0.45251 0.40561
0.00749 0.58426 0.40825 0.00000
0.40940 0.00000 0.00000 0.59060
0.00046 0.58846 0.40520 0.00588
0.51568 0.33079 0.10814 0.04539
0.00000 0.14308 0.01204 0.84488
0.02105 0.01914 0.00155 0.95826
0.54757 0.44741 0.00000 0.00501
0.00475 0.97857 0.00166 0.01502
0.06872 0.69077 0.01078 0.22974


>ZNF286B ZNF286B_motif4_392d45c5
0.00000 0.00000 0.84355 0.15645
0.73868 0.01214 0.00000 0.24918
0.82668 0.00000 0.14516 0.02816
0.03835 0.00000 0.93094 0.03071
0.00959 0.99041 0.00000 0.00000
0.00000 0.00000 0.00000 1.00000
0.00000 1.00000 0.00000 0.00000
0.82073 0.00000 0.17927 0.00000
0.00704 0.00000 0.00000 0.99296
0.00000 0.00000 0.00000 1.00000
0.92754 0.07246 0.00000 0.00000
0.00000 1.00000 0.00000 0.00000
0.08229 0.50067 0.00558 0.41146


>ZNF367 ZNF367_motif1_61d10312
0.25300 0.26997 0.26997 0.20707
0.16890 0.41060 0.15477 0.26572
0.35194 0.35689 0.00000 0.29117
0.00000 0.00000 0.00000 1.00000
0.00000 0.00000 0.00000 1.00000
0.00000 0.00000 0.00000 1.00000
1.00000 0.00000 0.00000 0.00000
1.00000 0.00000 0.00000 0.00000


>ZNF367 ZNF367_motif2_c1a41026
0.00000 0.00000 0.00000 1.00000
0.00000 0.00000 0.00000 1.00000
0.70576 0.00000 0.00000 0.29424
1.00000 0.00000 0.00000 0.00000
1.00000 0.00000 0.00000 0.00000
0.23028 0.00000 0.41650 0.35321
0.18224 0.27170 0.39397 0.15209
0.22068 0.30649 0.26872 0.20411


>ZNF367 ZNF367_motif3_dff3505b
0.17738 0.08914 0.21153 0.52195
0.00000 0.00000 0.00000 1.00000
0.00000 0.00000 0.00000 1.00000
1.00000 0.00000 0.00000 0.00000
1.00000 0.00000 0.00000 0.00000
1.00000 0.00000 0.00000 0.00000
0.20710 0.02927 0.47228 0.29135
0.21996 0.16630 0.50953 0.10421
0.15876 0.26075 0.37871 0.20177
0.30111 0.40044 0.11973 0.17871


>ZNF367 ZNF367_motif4_08050464
0.22604 0.28853 0.28527 0.20016
0.12075 0.47486 0.21725 0.18714
0.36615 0.46005 0.00000 0.17380
0.00000 0.00000 0.00000 1.00000
0.00000 0.00000 0.00000 1.00000
0.00000 0.00000 0.00000 1.00000
1.00000 0.00000 0.00000 0.00000
1.00000 0.00000 0.00000 0.00000


>ZNF395 ZNF395_motif1_31a2db19
0.11121 0.55027 0.22578 0.11274
0.12431 0.17916 0.52133 0.17520
0.10268 0.14656 0.75076 0.00000
0.00000 1.00000 0.00000 0.00000
0.00000 1.00000 0.00000 0.00000
0.00000 0.00000 1.00000 0.00000
0.00000 0.00000 1.00000 0.00000
0.00000 0.76082 0.13864 0.10055


>ZNF395 ZNF395_motif2_36ffde0e
0.26629 0.25334 0.33012 0.15025
0.11384 0.43431 0.34591 0.10594
0.10463 0.35161 0.29217 0.25159
0.13380 0.49748 0.25225 0.11647
0.17855 0.29392 0.40075 0.12678
0.13270 0.27638 0.46787 0.12305
0.26168 0.36214 0.29634 0.07984
0.14608 0.46984 0.34964 0.03444
0.14828 0.56898 0.21189 0.07085
0.16254 0.11845 0.43650 0.28252
0.04826 0.03970 0.90700 0.00505
0.00000 0.99956 0.00044 0.00000
0.00000 1.00000 0.00000 0.00000
0.00000 0.00000 0.99978 0.00022
0.00000 0.00000 1.00000 0.00000


>ZNF395 ZNF395_motif3_fbc020ca
0.12398 0.31648 0.33279 0.22675
0.22512 0.01958 0.75530 0.00000
0.00000 1.00000 0.00000 0.00000
0.00000 1.00000 0.00000 0.00000
0.00000 0.00000 1.00000 0.00000
0.00000 0.00000 1.00000 0.00000
0.00000 0.99511 0.00000 0.00489
0.19739 0.69331 0.00000 0.10930


>ZNF395 ZNF395_motif4_beb15a0c
0.12199 0.35574 0.31631 0.20596
0.14099 0.44794 0.29901 0.11206
0.17957 0.29560 0.40539 0.11943
0.12000 0.32340 0.42638 0.13021
0.22979 0.38071 0.24312 0.14638
0.16993 0.31518 0.40454 0.11035
0.17220 0.38156 0.31177 0.13447
0.17617 0.26043 0.29957 0.26383
0.11660 0.12312 0.73674 0.02355
0.00000 0.96425 0.03574 0.00000
0.00028 0.99972 0.00000 0.00000
0.00000 0.00000 0.99972 0.00028
0.00000 0.01560 0.98440 0.00000
0.00000 0.96227 0.03745 0.00028
0.04170 0.94950 0.00000 0.00879


>ZNF493 ZNF493_motif1_184dd79a
0.19345 0.49256 0.16071 0.15327
0.14732 0.55357 0.15327 0.14583
0.30060 0.30506 0.22619 0.16815
0.19345 0.22917 0.36607 0.21131
0.30357 0.13690 0.41518 0.14435
0.14881 0.24702 0.44643 0.15774
0.14583 0.59375 0.11012 0.15030
0.48214 0.18006 0.16518 0.17262
0.09821 0.48214 0.16071 0.25893
0.05208 0.86458 0.05060 0.03274
0.03571 0.79167 0.05506 0.11756
0.60863 0.04167 0.20387 0.14583
0.07738 0.06845 0.69643 0.15774
0.32440 0.35565 0.27530 0.04464
0.33929 0.47917 0.00893 0.17262
0.00000 0.92559 0.00298 0.07143
0.95387 0.00000 0.04613 0.00000
0.00000 0.00000 1.00000 0.00000
0.00000 0.00744 0.00000 0.99256
0.02679 0.03423 0.68452 0.25446
0.00000 0.96280 0.00446 0.03274
0.00000 0.97470 0.00000 0.02530
0.01339 0.87798 0.00744 0.10119
0.56399 0.14137 0.12054 0.17411
0.11310 0.30506 0.21726 0.36458
0.28274 0.29762 0.14435 0.27530
0.23512 0.31696 0.24851 0.19940
0.25149 0.33036 0.19643 0.22173


>ZNF493 ZNF493_motif2_bb74b9eb
0.05208 0.85417 0.05506 0.03869
0.03125 0.79316 0.06250 0.11310
0.60566 0.03571 0.20238 0.15625
0.07887 0.06696 0.69941 0.15476
0.31994 0.35119 0.28125 0.04762
0.34077 0.47917 0.00893 0.17113
0.00000 0.94494 0.00446 0.05060
0.98214 0.00000 0.01786 0.00000
0.00000 0.00000 1.00000 0.00000
0.00000 0.00744 0.00595 0.98661
0.02827 0.04018 0.68304 0.24851
0.00000 0.96429 0.00446 0.03125
0.00000 0.97470 0.00000 0.02530
0.01488 0.87946 0.00744 0.09821
0.56548 0.14583 0.11458 0.17411


>ZNF493 ZNF493_motif3_651c2d96
0.17489 0.13470 0.13117 0.55924
0.09591 0.00423 0.88716 0.01269
0.01975 0.00000 0.98025 0.00000
0.03667 0.00494 0.95839 0.00000
0.25740 0.67913 0.03456 0.02891
0.99506 0.00000 0.00494 0.00000
0.00000 0.99577 0.00000 0.00423
0.00000 0.05078 0.00000 0.94922
0.08674 0.00423 0.90903 0.00000
0.13329 0.00705 0.50987 0.34979
0.03456 0.28702 0.35966 0.31876
0.17983 0.66643 0.06911 0.08463
0.12976 0.21086 0.04231 0.61707
