>GABPA GABPA_motif1_2c1e8495
0.07128 0.43136 0.25554 0.24182
0.18796 0.46093 0.17582 0.17529
0.63305 0.07233 0.25343 0.04118
0.00000 0.86220 0.00950 0.12830
0.03062 0.00158 0.00106 0.96674
0.00000 0.00106 0.00000 0.99894
0.00000 1.00000 0.00000 0.00000
0.00000 1.00000 0.00000 0.00000
0.00000 0.00264 0.84952 0.14783
0.00422 0.19324 0.76716 0.03537
0.03802 0.31468 0.10137 0.54593


>GABPA GABPA_motif2_f5cc74d8
0.05610 0.72683 0.20244 0.01463
0.11220 0.88537 0.00000 0.00244
0.00000 0.00000 1.00000 0.00000
0.00488 0.00000 0.99512 0.00000
1.00000 0.00000 0.00000 0.00000
0.98537 0.00000 0.00000 0.01463
0.14634 0.02927 0.82439 0.00000
0.09268 0.30488 0.10000 0.50244


>GABPA GABPA_motif3_b4213f6d
0.56325 0.08592 0.31981 0.03103
0.03699 0.80907 0.15394 0.00000
0.12530 0.87231 0.00000 0.00239
0.00000 0.00000 1.00000 0.00000
0.00000 0.00000 1.00000 0.00000
1.00000 0.00000 0.00000 0.00000
0.97494 0.00000 0.00000 0.02506
0.11575 0.01432 0.86993 0.00000
0.03938 0.23031 0.08711 0.64320
0.15274 0.17303 0.52267 0.15155
0.27327 0.21241 0.44988 0.06444


>GABPA GABPA_motif4_93399ff4
0.53379 0.10069 0.29103 0.07448
0.00000 0.80552 0.03586 0.15862
0.02897 0.00000 0.00000 0.97103
0.00000 0.00000 0.00000 1.00000
0.00000 1.00000 0.00000 0.00000
0.00000 1.00000 0.00000 0.00000
0.00414 0.00000 0.87862 0.11724
0.02483 0.21241 0.72000 0.04276


>LEF1 LEF1_motif1_af6b2501
0.10641 0.46254 0.21173 0.21933
0.17264 0.13898 0.00000 0.68838
0.00000 0.00000 0.00000 1.00000
0.08252 0.00000 0.00000 0.91748
0.10749 0.14115 0.71227 0.03909
0.92508 0.00000 0.00000 0.07492
0.34853 0.00000 0.04017 0.61129
0.13898 0.36482 0.41585 0.08035
0.23453 0.21173 0.15852 0.39522


>LEF1 LEF1_motif2_30bd6a94
0.20069 0.11111 0.50720 0.18100
0.20088 0.12073 0.50444 0.17395
0.21406 0.07048 0.53959 0.17587
0.21818 0.08083 0.54517 0.15583
0.15045 0.09639 0.58422 0.16894
0.16662 0.10777 0.58318 0.14243
0.18375 0.10543 0.52738 0.18345
0.18105 0.09779 0.59501 0.12615
0.15904 0.10197 0.56430 0.17469
0.19270 0.07309 0.56670 0.16750
0.17454 0.10424 0.56491 0.15630
0.20211 0.08879 0.57924 0.12987
0.15869 0.11738 0.60333 0.12060
0.15869 0.11757 0.57366 0.15009
0.12878 0.06017 0.66925 0.14179
0.17058 0.10985 0.56444 0.15513
0.18839 0.09090 0.57078 0.14993
0.15785 0.10777 0.57311 0.16128
0.17738 0.09060 0.56286 0.16917
0.20056 0.10427 0.54791 0.14725
0.15927 0.11793 0.61591 0.10690


>LEF1 LEF1_motif3_4935fcb8
0.07369 0.52487 0.25102 0.15041
0.00000 0.92444 0.05393 0.02164
0.00657 0.00684 0.00201 0.98459
0.00000 0.00242 0.00000 0.99758
0.00262 0.00112 0.00000 0.99626
0.00000 0.01915 0.98084 0.00000
0.98544 0.00000 0.00105 0.01351
0.07019 0.00000 0.00000 0.92981
0.00691 0.38269 0.61040 0.00000
0.02545 0.03154 0.00548 0.93753
0.12194 0.22054 0.17437 0.48316


>LEF1 LEF1_motif4_5047f46e
0.10322 0.40579 0.36811 0.12288
0.64282 0.03550 0.00601 0.31567
0.09175 0.02075 0.00000 0.88749
0.12671 0.67777 0.12616 0.06936
0.91972 0.00000 0.00000 0.08028
0.93392 0.01038 0.01802 0.03768
0.71054 0.00874 0.13435 0.14637
0.22283 0.20590 0.48771 0.08356


>NACC2 NACC2_motif1_f0a9513a
0.07669 0.67428 0.05362 0.19542
0.42352 0.06104 0.51025 0.00519
0.00115 0.63998 0.00000 0.35888
0.89918 0.00270 0.09812 0.00000
0.00055 0.00808 0.00089 0.99047
0.00000 0.00058 0.99942 0.00000
0.07414 0.00373 0.00717 0.91496
0.01277 0.76488 0.01036 0.21199
0.75782 0.06713 0.16831 0.00674
0.32181 0.05552 0.27443 0.34824
0.58784 0.02064 0.02215 0.36936


>NACC2 NACC2_motif2_bdf8659b
0.29261 0.17614 0.29829 0.23295
0.74432 0.00000 0.00000 0.25568
0.00000 1.00000 0.00000 0.00000
1.00000 0.00000 0.00000 0.00000
0.00000 0.21023 0.00000 0.78977
0.46875 0.00000 0.53125 0.00000
0.00568 0.48011 0.07670 0.43750
0.30398 0.10227 0.41761 0.17614
0.38921 0.10795 0.13920 0.36364


>NACC2 NACC2_motif3_6154c58b
0.31023 0.13201 0.31023 0.24752
0.67987 0.00000 0.00000 0.32013
0.00000 1.00000 0.00000 0.00000
1.00000 0.00000 0.00000 0.00000
0.00000 0.00000 0.00000 1.00000
0.42244 0.00000 0.57756 0.00000
0.00000 0.48515 0.00000 0.51485
0.31023 0.09901 0.39934 0.19142


>NACC2 NACC2_motif4_28383f9e
0.60756 0.02069 0.00758 0.36417
0.08970 0.73829 0.02646 0.14555
0.33428 0.03008 0.63393 0.00172
0.00000 0.77523 0.00018 0.22459
0.95823 0.00433 0.03744 0.00000
0.00000 0.00098 0.00045 0.99857
0.00000 0.00000 1.00000 0.00000
0.08649 0.00648 0.00000 0.90704
0.00741 0.73219 0.01210 0.24829
0.78612 0.08103 0.12269 0.01016
0.47840 0.02367 0.27655 0.22138
0.80103 0.00342 0.00093 0.19463
0.65789 0.03463 0.01481 0.29267
0.50296 0.25965 0.07717 0.16021
0.00891 0.10636 0.04286 0.84187
0.11998 0.00593 0.87169 0.00240
0.95490 0.00709 0.00444 0.03357
0.00000 1.00000 0.00000 0.00000
0.99912 0.00000 0.00088 0.00000
0.00000 0.08182 0.00639 0.91178


>NFKB1 NFKB1_motif1_573b92df
0.00000 0.00000 1.00000 0.00000
0.00000 0.00000 0.97598 0.02402
0.14178 0.00000 0.85558 0.00265
0.88511 0.07328 0.03209 0.00952
0.42119 0.00197 0.00405 0.57278
0.01095 0.09561 0.07770 0.81575
0.00543 0.87148 0.00000 0.12309
0.01010 0.98990 0.00000 0.00000
0.00000 1.00000 0.00000 0.00000
0.00000 0.99159 0.00000 0.00841
0.10059 0.08659 0.18241 0.63040


>NFKB1 NFKB1_motif2_4a7d6da4
0.00045 0.00061 0.99843 0.00051
0.00061 0.00035 0.99848 0.00056
0.00041 0.00025 0.97488 0.02446
0.10010 0.00043 0.88934 0.01013
0.81340 0.04107 0.12674 0.01879
0.56663 0.01042 0.01417 0.40879
0.02978 0.05138 0.21757 0.70127
0.02112 0.68397 0.00000 0.29491
0.09610 0.90323 0.00000 0.00067
0.00100 0.99792 0.00000 0.00108
0.00326 0.99352 0.00000 0.00322


>NFKB1 NFKB1_motif3_699c3e16
0.00060 0.00000 0.99767 0.00173
0.00000 0.00000 1.00000 0.00000
0.00000 0.00000 0.99379 0.00620
0.10754 0.00000 0.88438 0.00808
0.97436 0.00338 0.02225 0.00000
0.91572 0.01553 0.00384 0.06491
0.05336 0.14445 0.25372 0.54848
0.02013 0.70253 0.00160 0.27575
0.11217 0.88738 0.00000 0.00045
0.00000 0.99992 0.00008 0.00000
0.00109 0.99352 0.00385 0.00154


>NFKB1 NFKB1_motif4_d38738f7
0.40517 0.21069 0.25682 0.12733
0.00000 0.00000 1.00000 0.00000
0.00000 0.00000 1.00000 0.00000
0.00000 0.00000 1.00000 0.00000
0.13843 0.00000 0.86157 0.00000
0.91911 0.00000 0.08089 0.00000
0.53155 0.00000 0.00000 0.46845
0.01814 0.13271 0.08766 0.76149


>PRDM5 PRDM5_motif1_a4a291cc
0.21074 0.32772 0.24279 0.21875
0.49039 0.12740 0.23798 0.14423
0.21554 0.71074 0.05128 0.02244
0.00240 0.98798 0.00160 0.00801
0.11458 0.50000 0.04086 0.34455
0.02324 0.28365 0.28846 0.40465
0.11458 0.14263 0.66506 0.07772
0.29888 0.27804 0.23237 0.19071
0.02003 0.37260 0.25881 0.34856
0.02885 0.88542 0.00641 0.07933
0.19631 0.09776 0.05128 0.65465
0.00000 0.99599 0.00401 0.00000
0.00000 0.99760 0.00000 0.00240
0.38381 0.14503 0.23237 0.23878
0.03365 0.31731 0.36458 0.28446


>PRDM5 PRDM5_motif2_b84a0d3f
0.35415 0.13118 0.37957 0.13510
0.30284 0.17527 0.43025 0.09164
0.31445 0.31429 0.37125 0.00000
0.26408 0.19081 0.10278 0.44233
0.00000 0.00000 0.99984 0.00016
0.00000 0.00204 0.99796 0.00000
0.67472 0.00377 0.12223 0.19928
0.09509 0.00000 0.88592 0.01899
0.45630 0.15393 0.38522 0.00455
0.21215 0.18186 0.18798 0.41801
0.10027 0.54229 0.11219 0.24525
0.47089 0.20869 0.27679 0.04362
0.29170 0.04880 0.57398 0.08552
0.00424 0.00063 0.99514 0.00000
0.03546 0.06841 0.59564 0.30049


>PRDM5 PRDM5_motif3_9ce1d29b
0.26355 0.23926 0.41871 0.07848
0.29397 0.32950 0.37398 0.00256
0.21396 0.28323 0.14238 0.36043
0.00000 0.00000 1.00000 0.00000
0.00000 0.00000 1.00000 0.00000
0.70041 0.00869 0.10941 0.18149
0.06058 0.00000 0.92127 0.01815
0.42919 0.20527 0.35787 0.00767
0.20987 0.15491 0.28937 0.34586
0.08972 0.59049 0.13778 0.18200
0.39059 0.24259 0.33001 0.03681
0.27812 0.07311 0.54371 0.10506
0.00000 0.00000 1.00000 0.00000
0.02122 0.05879 0.66130 0.25869


>PRDM5 PRDM5_motif4_9d49306a
0.18928 0.66881 0.10760 0.03431
0.00000 0.97563 0.00000 0.02437
0.09279 0.53236 0.02748 0.34737
0.05341 0.33977 0.27446 0.33236
0.12281 0.26101 0.53470 0.08148
0.26998 0.30234 0.26023 0.16745
0.02826 0.39727 0.23977 0.33470
0.00000 0.93060 0.00253 0.06686
0.12359 0.10468 0.00390 0.76784
0.00000 0.99883 0.00117 0.00000
0.00000 0.99649 0.00000 0.00351


>RORB RORB_motif1_8474c08e
0.22997 0.22997 0.28616 0.25390
0.00000 0.00000 0.00000 1.00000
0.00000 0.00000 1.00000 0.00000
0.51093 0.34027 0.00000 0.14880
0.00000 1.00000 0.00000 0.00000
0.00000 1.00000 0.00000 0.00000
0.00000 0.67014 0.00000 0.32987
0.24350 0.35796 0.21124 0.18730


>RORB RORB_motif2_6c8fe15b
0.00000 0.27964 0.00000 0.72036
0.00000 0.00000 1.00000 0.00000
1.00000 0.00000 0.00000 0.00000
0.00000 1.00000 0.00000 0.00000
0.00000 1.00000 0.00000 0.00000
0.00000 0.53691 0.00000 0.46309
0.23490 0.37137 0.19016 0.20358
0.25951 0.23266 0.26175 0.24608


>RORB RORB_motif3_ddefb2c0
0.23914 0.29979 0.22536 0.23570
0.24121 0.26671 0.18057 0.31151
0.51551 0.12888 0.35562 0.00000
0.00000 0.00000 1.00000 0.00000
0.00000 0.00000 1.00000 0.00000
0.14680 0.26533 0.00000 0.58787
0.00000 1.00000 0.00000 0.00000
0.64576 0.00000 0.35424 0.00000


>RORB RORB_motif4_30bd6a94
0.16896 0.08311 0.55770 0.19023
0.14941 0.09849 0.57049 0.18161
0.14601 0.09950 0.58667 0.16782
0.14718 0.09340 0.58301 0.17641
0.15185 0.08827 0.58631 0.17357
0.14774 0.09345 0.56914 0.18968
0.16928 0.11525 0.55538 0.16009
0.14548 0.09690 0.56600 0.19161
0.14621 0.11197 0.56359 0.17823
0.16863 0.09545 0.54792 0.18799
0.15045 0.11445 0.56881 0.16629
0.15401 0.10062 0.56194 0.18343
0.17086 0.11446 0.55137 0.16331
0.15210 0.10939 0.56494 0.17358
0.13278 0.10778 0.57134 0.18810
0.16136 0.08968 0.56116 0.18780
0.15760 0.11184 0.57419 0.15636
0.16344 0.10323 0.55088 0.18245
0.18226 0.09556 0.56331 0.15888
0.15492 0.09535 0.56115 0.18857
0.16980 0.08152 0.59321 0.15547


>SP140 SP140_motif1_99f393b9
0.13559 0.32203 0.44068 0.10169
0.22034 0.20339 0.57627 0.00000
0.13559 0.44068 0.23729 0.18644
0.03390 0.28814 0.50848 0.16949
0.06780 0.32203 0.61017 0.00000
0.40678 0.20339 0.11864 0.27119
0.00000 0.00000 0.91525 0.08475
0.00000 0.37288 0.62712 0.00000
0.10169 0.61017 0.22034 0.06780
0.23729 0.35593 0.18644 0.22034
0.00000 0.25424 0.74576 0.00000
0.10169 0.52542 0.37288 0.00000
0.25424 0.30508 0.18644 0.25424
0.00000 0.32203 0.57627 0.10169
0.03390 0.52542 0.27119 0.16949


>SP140 SP140_motif2_aba63286
0.00000 0.71026 0.00000 0.28974
0.21026 0.00000 0.74359 0.04615
0.26923 0.24103 0.26154 0.22820
0.00000 0.93333 0.00000 0.06667
0.06923 0.00000 0.93077 0.00000
0.26923 0.24359 0.23333 0.25385
0.00000 0.81282 0.00000 0.18718
0.33077 0.00000 0.66923 0.00000


>SP140 SP140_motif3_bfbb1a6d
0.35135 0.02703 0.62162 0.00000
0.09189 0.72432 0.05946 0.12432
0.42162 0.08649 0.49189 0.00000
0.12973 0.16757 0.62703 0.07568
0.15676 0.45405 0.17838 0.21081
0.20000 0.28649 0.43784 0.07568
0.49189 0.01081 0.49730 0.00000
0.00000 0.98378 0.00000 0.01622
0.29730 0.03243 0.67027 0.00000
0.18919 0.19459 0.61622 0.00000
0.18919 0.63784 0.00000 0.17297
0.13514 0.13514 0.71351 0.01622
0.31351 0.04324 0.64324 0.00000
0.07568 0.91892 0.00000 0.00541
0.20000 0.00000 0.74054 0.05946


>SP140 SP140_motif4_4b28382b
0.12621 0.43883 0.00000 0.43495
0.06602 0.01165 0.82913 0.09320
0.16505 0.42524 0.04272 0.36699
0.00000 1.00000 0.00000 0.00000
0.00000 0.00000 1.00000 0.00000
0.00000 0.28544 0.18447 0.53010
0.12815 0.71650 0.05437 0.10097
0.46990 0.01748 0.50874 0.00388
0.08738 0.62718 0.07379 0.21165
0.23495 0.16505 0.01942 0.58058
0.28155 0.07379 0.60194 0.04272


>TIGD3 TIGD3_motif1_86833f0e
0.02367 0.07482 0.00933 0.89218
1.00000 0.00000 0.00000 0.00000
0.00000 0.00000 0.00000 1.00000
0.01798 0.07996 0.78247 0.11959
0.00000 1.00000 0.00000 0.00000
0.75375 0.01892 0.16665 0.06067
0.00000 0.40043 0.59957 0.00000
0.05730 0.29601 0.28869 0.35800
0.07046 0.00000 0.00000 0.92954
1.00000 0.00000 0.00000 0.00000
0.79619 0.01929 0.00000 0.18452


>TIGD3 TIGD3_motif2_6a77bc05
0.01845 0.06155 0.01982 0.90017
1.00000 0.00000 0.00000 0.00000
0.00000 0.00000 0.00000 1.00000
0.01550 0.02817 0.90815 0.04818
0.00000 1.00000 0.00000 0.00000
0.91519 0.00445 0.04856 0.03180
0.00251 0.21338 0.78216 0.00195
0.02851 0.34721 0.44188 0.18239
0.04183 0.00000 0.00024 0.95793
1.00000 0.00000 0.00000 0.00000
0.78299 0.00751 0.00889 0.20061


>TIGD3 TIGD3_motif3_6dad8200
0.19523 0.00592 0.00572 0.79314
0.00000 0.00000 0.00000 1.00000
0.96319 0.00000 0.00000 0.03681
0.17149 0.45085 0.35285 0.02482
0.00000 0.79695 0.20092 0.00213
0.02629 0.04420 0.00443 0.92508
0.00057 0.00000 0.99943 0.00000
0.04358 0.92042 0.02372 0.01227
0.99941 0.00059 0.00000 0.00000
0.00000 0.00042 0.00000 0.99958
0.91505 0.01661 0.05351 0.01484


>TIGD3 TIGD3_motif4_eabc7c9b
0.15141 0.10780 0.11275 0.62803
0.00764 0.01986 0.01165 0.96085
0.97496 0.00000 0.00084 0.02420
0.10474 0.17051 0.21168 0.51307
0.00533 0.36885 0.60511 0.02072
0.00773 0.52332 0.00341 0.46554
0.44561 0.00208 0.53756 0.01476
0.02396 0.52360 0.44764 0.00480
0.51484 0.13020 0.27850 0.07645
0.01504 0.00000 0.00011 0.98485
0.95023 0.00654 0.03623 0.00700
0.57286 0.05941 0.20250 0.16524
0.19593 0.28770 0.36524 0.15113
0.09632 0.56148 0.17776 0.16444
0.16054 0.10702 0.60018 0.13226


>ZNF362 ZNF362_motif1_395ffc22
0.98086 0.00000 0.00000 0.01914
0.97578 0.02422 0.00000 0.00000
1.00000 0.00000 0.00000 0.00000
1.00000 0.00000 0.00000 0.00000
0.97227 0.00000 0.02773 0.00000
0.92695 0.00000 0.07305 0.00000
0.96602 0.00000 0.03398 0.00000
0.92344 0.00000 0.00000 0.07656


>ZNF362 ZNF362_motif2_4da459eb
0.08661 0.11816 0.05625 0.73898
0.00000 0.05334 0.00000 0.94666
0.00000 0.00000 0.00000 1.00000
0.00000 0.04836 0.00000 0.95164
0.00000 0.00000 0.00000 1.00000
0.00000 0.00000 0.00000 1.00000
0.00000 0.00000 0.00000 1.00000
0.00000 0.00000 0.03996 0.96004


>ZNF362 ZNF362_motif3_2bdfd124
0.06153 0.08624 0.04347 0.80876
0.04388 0.05706 0.01859 0.88047
0.02359 0.06206 0.00000 0.91435
0.00294 0.08941 0.03118 0.87647
0.00000 0.00335 0.00559 0.99106
0.02547 0.00577 0.02412 0.94465
0.00000 0.06247 0.00012 0.93741
0.00000 0.02747 0.00241 0.97012
0.00000 0.01412 0.01159 0.97429
0.00000 0.01718 0.01318 0.96965
0.01547 0.00212 0.02271 0.95971


>ZNF362 ZNF362_motif4_163f3332
0.98333 0.01667 0.00000 0.00000
0.97106 0.00000 0.02894 0.00000
0.96672 0.01545 0.01783 0.00000
0.90522 0.00000 0.06716 0.02762
0.97268 0.00000 0.02046 0.00686
0.87843 0.05060 0.07097 0.00000
0.97007 0.00000 0.02899 0.00093
0.90672 0.02104 0.04989 0.02235
0.91732 0.00000 0.08268 0.00000
0.84273 0.02691 0.10157 0.02878
0.78032 0.05160 0.10153 0.06654


>ZNF407 ZNF407_motif1_1a142dd8
0.09712 0.62590 0.16007 0.11691
0.04496 0.77698 0.06655 0.11151
0.01439 0.87770 0.03417 0.07374
0.10432 0.39748 0.09352 0.40468
0.08273 0.31475 0.14029 0.46223
0.09532 0.46942 0.28777 0.14748
0.06835 0.42986 0.15468 0.34712
0.10252 0.53237 0.32914 0.03597
0.13669 0.06655 0.78237 0.01439
0.00000 0.25000 0.73381 0.01619
0.05755 0.63489 0.16007 0.14748
0.12590 0.53597 0.01079 0.32734
0.22842 0.22302 0.22122 0.32734
0.00000 0.99820 0.00000 0.00180
0.00000 0.97662 0.00540 0.01799
0.05396 0.00000 0.93885 0.00719
0.00000 0.00899 0.00180 0.98921


>ZNF407 ZNF407_motif2_ee310d56
0.09438 0.56827 0.18474 0.15261
0.07630 0.69880 0.10643 0.11847
0.03012 0.79920 0.05823 0.11245
0.11044 0.43173 0.12450 0.33333
0.13454 0.33534 0.15863 0.37149
0.10241 0.45783 0.24900 0.19076
0.06024 0.44377 0.22490 0.27108
0.09036 0.53414 0.32329 0.05221
0.16667 0.09237 0.71285 0.02811
0.01406 0.23695 0.72289 0.02610
0.05823 0.63253 0.15261 0.15663
0.11446 0.60643 0.01205 0.26707
0.28313 0.22088 0.23092 0.26506
0.00000 0.99598 0.00000 0.00402
0.00803 0.93775 0.02008 0.03414
0.08635 0.01606 0.86345 0.03414
0.00201 0.03815 0.01205 0.94779
0.54819 0.35141 0.03012 0.07028
0.06627 0.35743 0.48795 0.08835


>ZNF407 ZNF407_motif3_6d2cf1e5
0.19949 0.32020 0.35324 0.12707
0.17789 0.32147 0.29987 0.20076
0.18552 0.27192 0.32910 0.21347
0.21220 0.27446 0.36468 0.14867
0.19949 0.30496 0.30241 0.19314
0.28081 0.18424 0.41296 0.12198
0.25413 0.21220 0.38628 0.14739
0.08640 0.46760 0.36595 0.08005
0.10165 0.11817 0.26938 0.51080
0.97713 0.00254 0.02033 0.00000
0.01779 0.87929 0.01017 0.09276
0.01017 0.00127 0.98856 0.00000
0.00000 0.00000 1.00000 0.00000
0.37992 0.20076 0.13850 0.28081
0.30241 0.00000 0.59466 0.10292
0.12071 0.08894 0.73825 0.05210
0.00000 0.84752 0.15248 0.00000
0.00000 0.71537 0.05464 0.22999
0.05337 0.32401 0.47776 0.14485
0.37230 0.17281 0.40153 0.05337
0.16010 0.27065 0.47141 0.09784
0.44981 0.13342 0.32783 0.08894
0.40788 0.09911 0.36340 0.12961
0.09403 0.03177 0.85388 0.02033
0.08513 0.09022 0.75604 0.06861


>ZNF407 ZNF407_motif4_b6e710bc
0.08874 0.50171 0.33106 0.07850
0.10922 0.05802 0.22184 0.61092
1.00000 0.00000 0.00000 0.00000
0.03072 0.91126 0.00000 0.05802
0.01365 0.00000 0.98635 0.00000
0.00000 0.00000 1.00000 0.00000
0.43686 0.16382 0.17747 0.22184
0.35495 0.00000 0.50512 0.13993
0.13993 0.08532 0.72014 0.05461
0.00000 0.82253 0.17747 0.00000
0.00000 0.73379 0.05461 0.21160
0.04778 0.30034 0.48464 0.16723
0.45734 0.11263 0.37543 0.05461
0.16041 0.26621 0.43686 0.13652
0.51877 0.13311 0.25939 0.08874
0.46075 0.09215 0.32423 0.12287
0.10922 0.02730 0.84300 0.02048
0.06485 0.03072 0.85324 0.05119
0.10922 0.17406 0.59727 0.11945
0.27645 0.29352 0.06485 0.36519


