<!DOCTYPE HTML>
<html>
  <head>
    <meta charset="UTF-8">
    <title>AME Results</title>
    <script type="text/javascript">
      //@JSON_VAR data
      var data = {
        "version": "5.5.5",
        "revision": "18049e03f33776c99e0013a8718512c16cfb8a90",
        "release": "Thu Sep 14 08:48:04 2023 +1000",
        "program": "AME",
        "cmd": [
          "ame", "--oc", "/home/ubuntu/ibis_clean/final/tmp/ame_lb_GABPA/",
          "--noseq", "--control",
          "meme_comparison/references/GABPA_negative_lb.fasta",
          "meme_comparison/references/GABPA_positive_lb.fasta",
          "meme_comparison/data/tmp_memedir_lb//NA_TRUE_FALSE_TRUE_NA_30_53_201/GABPA/filtered_meme.xml",
          "meme_comparison/data/tmp_memedir_lb//15_TRUE_TRUE_FALSE_NA_30_53_202/GABPA/filtered_meme.xml",
          "meme_comparison/data/tmp_memedir_lb//30_TRUE_TRUE_FALSE_NA_30_53_203/GABPA/filtered_meme.xml",
          "meme_comparison/data/tmp_memedir_lb//NA_TRUE_TRUE_FALSE_NA_30_53_204/GABPA/filtered_meme.xml",
          "meme_comparison/data/tmp_memedir_lb//15_FALSE_TRUE_FALSE_NA_30_53_205/GABPA/filtered_meme.xml",
          "meme_comparison/data/tmp_memedir_lb//30_FALSE_TRUE_FALSE_NA_30_53_206/GABPA/filtered_meme.xml",
          "meme_comparison/data/tmp_memedir_lb//NA_FALSE_TRUE_FALSE_NA_30_53_207/GABPA/filtered_meme.xml",
          "meme_comparison/data/tmp_memedir_lb//15_TRUE_FALSE_FALSE_NA_30_53_208/GABPA/filtered_meme.xml",
          "meme_comparison/data/tmp_memedir_lb//30_TRUE_FALSE_FALSE_NA_30_53_209/GABPA/filtered_meme.xml",
          "meme_comparison/data/tmp_memedir_lb//NA_TRUE_FALSE_FALSE_NA_30_53_210/GABPA/filtered_meme.xml",
          "meme_comparison/data/tmp_memedir_lb//5_TRUE_TRUE_FALSE_25_30_53_211/GABPA/filtered_meme.xml",
          "meme_comparison/data/tmp_memedir_lb//5_FALSE_TRUE_FALSE_25_30_53_212/GABPA/filtered_meme.xml",
          "meme_comparison/data/tmp_memedir_lb//5_TRUE_FALSE_FALSE_25_30_53_213/GABPA/filtered_meme.xml",
          "meme_comparison/data/tmp_memedir_lb//5_TRUE_TRUE_FALSE_NA_30_53_214/GABPA/filtered_meme.xml",
          "meme_comparison/data/tmp_memedir_lb//5_FALSE_TRUE_FALSE_NA_30_53_215/GABPA/filtered_meme.xml",
          "meme_comparison/data/tmp_memedir_lb//5_TRUE_FALSE_FALSE_NA_30_53_216/GABPA/filtered_meme.xml"
        ],
        "options": {
          "scoring": "avg_odds",
          "positive_list": "FASTA",
          "pvalue_method": "Fisher's exact test",
          "pseudocount": 0.1,
          "fisher_fasta_threshold": 0.001,
          "hit_lo_fraction": 0.25,
          "evalue_report_threshold": 10,
          "noseq": true,
          "log_fscores": false,
          "log_pwmscores": false,
          "linreg_switchxy": true,
          "fix_partition": true,
          "partition": "number of primary sequences",
          "kmer": 2
        },
        "motif_dbs": [
          {
            "source": "meme_comparison/data/tmp_memedir_lb//NA_TRUE_FALSE_TRUE_NA_30_53_201/GABPA/filtered_meme.xml",
            "count": 6
          }, {
            "source": "meme_comparison/data/tmp_memedir_lb//15_TRUE_TRUE_FALSE_NA_30_53_202/GABPA/filtered_meme.xml",
            "count": 6
          }, {
            "source": "meme_comparison/data/tmp_memedir_lb//30_TRUE_TRUE_FALSE_NA_30_53_203/GABPA/filtered_meme.xml",
            "count": 6
          }, {
            "source": "meme_comparison/data/tmp_memedir_lb//NA_TRUE_TRUE_FALSE_NA_30_53_204/GABPA/filtered_meme.xml",
            "count": 6
          }, {
            "source": "meme_comparison/data/tmp_memedir_lb//15_FALSE_TRUE_FALSE_NA_30_53_205/GABPA/filtered_meme.xml",
            "count": 4
          }, {
            "source": "meme_comparison/data/tmp_memedir_lb//30_FALSE_TRUE_FALSE_NA_30_53_206/GABPA/filtered_meme.xml",
            "count": 6
          }, {
            "source": "meme_comparison/data/tmp_memedir_lb//NA_FALSE_TRUE_FALSE_NA_30_53_207/GABPA/filtered_meme.xml",
            "count": 6
          }, {
            "source": "meme_comparison/data/tmp_memedir_lb//15_TRUE_FALSE_FALSE_NA_30_53_208/GABPA/filtered_meme.xml",
            "count": 6
          }, {
            "source": "meme_comparison/data/tmp_memedir_lb//30_TRUE_FALSE_FALSE_NA_30_53_209/GABPA/filtered_meme.xml",
            "count": 6
          }, {
            "source": "meme_comparison/data/tmp_memedir_lb//NA_TRUE_FALSE_FALSE_NA_30_53_210/GABPA/filtered_meme.xml",
            "count": 6
          }, {
            "source": "meme_comparison/data/tmp_memedir_lb//5_TRUE_TRUE_FALSE_25_30_53_211/GABPA/filtered_meme.xml",
            "count": 6
          }, {
            "source": "meme_comparison/data/tmp_memedir_lb//5_FALSE_TRUE_FALSE_25_30_53_212/GABPA/filtered_meme.xml",
            "count": 2
          }, {
            "source": "meme_comparison/data/tmp_memedir_lb//5_TRUE_FALSE_FALSE_25_30_53_213/GABPA/filtered_meme.xml",
            "count": 5
          }, {
            "source": "meme_comparison/data/tmp_memedir_lb//5_TRUE_TRUE_FALSE_NA_30_53_214/GABPA/filtered_meme.xml",
            "count": 4
          }, {
            "source": "meme_comparison/data/tmp_memedir_lb//5_FALSE_TRUE_FALSE_NA_30_53_215/GABPA/filtered_meme.xml",
            "count": 2
          }, {
            "source": "meme_comparison/data/tmp_memedir_lb//5_TRUE_FALSE_FALSE_NA_30_53_216/GABPA/filtered_meme.xml",
            "count": 6
          }
        ],
        "alphabet": {
          "name": "DNA",
          "like": "dna",
          "ncore": 4,
          "symbols": [
            {
              "symbol": "A",
              "name": "Adenine",
              "colour": "CC0000",
              "complement": "T"
            }, {
              "symbol": "C",
              "name": "Cytosine",
              "colour": "0000CC",
              "complement": "G"
            }, {
              "symbol": "G",
              "name": "Guanine",
              "colour": "FFB300",
              "complement": "C"
            }, {
              "symbol": "T",
              "aliases": "U",
              "name": "Thymine",
              "colour": "008000",
              "complement": "A"
            }, {
              "symbol": "N",
              "aliases": "X.",
              "name": "Any base",
              "equals": "ACGT"
            }, {
              "symbol": "V",
              "name": "Not T",
              "equals": "ACG"
            }, {
              "symbol": "H",
              "name": "Not G",
              "equals": "ACT"
            }, {
              "symbol": "D",
              "name": "Not C",
              "equals": "AGT"
            }, {
              "symbol": "B",
              "name": "Not A",
              "equals": "CGT"
            }, {
              "symbol": "M",
              "name": "Amino",
              "equals": "AC"
            }, {
              "symbol": "R",
              "name": "Purine",
              "equals": "AG"
            }, {
              "symbol": "W",
              "name": "Weak",
              "equals": "AT"
            }, {
              "symbol": "S",
              "name": "Strong",
              "equals": "CG"
            }, {
              "symbol": "Y",
              "name": "Pyrimidine",
              "equals": "CT"
            }, {
              "symbol": "K",
              "name": "Keto",
              "equals": "GT"
            }
          ]
        },
        "background": {
          "source": "--sequences--",
          "file": "meme_comparison/references/GABPA_positive_lb.fasta",
          "frequencies": [0.202665, 0.297335, 0.297335, 0.202665]
        },
        "sequence_db": {
          "source": "meme_comparison/references/GABPA_positive_lb.fasta",
          "count": 6672,
          "skipped": 0,
          "fasta_scores": false
        },
        "control_db": {
          "source": "meme_comparison/references/GABPA_negative_lb.fasta",
          "count": 1002029,
          "skipped": 0
        },
        "min_sequence_score": 4.69212e-45,
        "max_sequence_score": 5.11014e+16,
        "max_median_sequence_score": 0.0165286,
        "motifs": [
          {
            "db": 5,
            "id": "BCRCTTCCGGY",
            "alt": "MEME-1",
            "len": 11,
            "motif_evalue": 0,
            "motif_nsites": 775,
            "pwm": [
              [0.0735647, 0.42321, 0.282583, 0.220643], 
              [0.120011, 0.51094, 0.206464, 0.162586], 
              [0.501896, 0.107122, 0.321287, 0.0696942], 
              [2.61469e-05, 0.829608, 3.83609e-05, 0.170327], 
              [2.61469e-05, 3.83609e-05, 3.83609e-05, 0.999897], 
              [2.61469e-05, 3.83609e-05, 3.83609e-05, 0.999897], 
              [2.61469e-05, 0.999909, 3.83609e-05, 2.61469e-05], 
              [2.61469e-05, 0.999909, 3.83609e-05, 2.61469e-05], 
              [2.61469e-05, 3.83609e-05, 0.850252, 0.149684], 
              [2.61469e-05, 0.243878, 0.692852, 0.063244], 
              [0.0916273, 0.385795, 0.172919, 0.349658]
            ],
            "pos": 6672,
            "neg": 1002029,
            "tp": 5895,
            "fp": 16522,
            "positive_thresh": 6672,
            "true_positive_thresh": 3.67653,
            "number_of_tests": 34387,
            "corrected_pvalue": "9.31e-9070",
            "evalue": "7.73e-9068"
          }, {
            "db": 1,
            "id": "VVRCCGGAAGT",
            "alt": "MEME-3",
            "len": 11,
            "motif_evalue": 0,
            "motif_nsites": 1949,
            "pwm": [
              [0.267314, 0.251413, 0.353512, 0.127762], 
              [0.364281, 0.229864, 0.268857, 0.136996], 
              [0.539747, 0.0851829, 0.315032, 0.0600383], 
              [0.0343856, 0.781914, 0.181638, 0.00206229], 
              [0.146232, 0.851691, 1.5255e-05, 0.00206229], 
              [0.00103635, 1.5255e-05, 0.998938, 1.03979e-05], 
              [1.03979e-05, 1.5255e-05, 0.999964, 1.03979e-05], 
              [0.999959, 1.5255e-05, 1.5255e-05, 1.03979e-05], 
              [0.960967, 1.5255e-05, 1.5255e-05, 0.0390024], 
              [0.119039, 0.023616, 0.857334, 1.03979e-05], 
              [0.0431072, 0.24577, 0.103653, 0.60747]
            ],
            "pos": 6672,
            "neg": 1002029,
            "tp": 5972,
            "fp": 18587,
            "positive_thresh": 6672,
            "true_positive_thresh": 2.28277,
            "number_of_tests": 33436,
            "corrected_pvalue": "9.65e-9004",
            "evalue": "8.01e-9002"
          }, {
            "db": 5,
            "id": "VVCCGGAAGYG",
            "alt": "MEME-2",
            "len": 11,
            "motif_evalue": 4.9e-263,
            "motif_nsites": 748,
            "pwm": [
              [0.279402, 0.282088, 0.312832, 0.125678], 
              [0.327523, 0.219261, 0.398382, 0.0548328], 
              [0.0494855, 0.725879, 0.204557, 0.0200774], 
              [0.156423, 0.84351, 3.97454e-05, 2.70906e-05], 
              [2.70906e-05, 3.97454e-05, 0.999906, 2.70906e-05], 
              [2.70906e-05, 3.97454e-05, 0.999906, 2.70906e-05], 
              [0.999893, 3.97454e-05, 3.97454e-05, 2.70906e-05], 
              [0.999893, 3.97454e-05, 3.97454e-05, 2.70906e-05], 
              [0.159097, 0.0468245, 0.794052, 2.70906e-05], 
              [0.0949344, 0.286098, 0.120345, 0.498623], 
              [0.155086, 0.212578, 0.51334, 0.118995]
            ],
            "pos": 6672,
            "neg": 1002029,
            "tp": 6002,
            "fp": 19774,
            "positive_thresh": 6672,
            "true_positive_thresh": 3.06073,
            "number_of_tests": 40724,
            "corrected_pvalue": "6.09e-8940",
            "evalue": "5.06e-8938"
          }, {
            "db": 6,
            "id": "VCCGGAAGYGV",
            "alt": "MEME-2",
            "len": 11,
            "motif_evalue": 1.9e-271,
            "motif_nsites": 1103,
            "pwm": [
              [0.332717, 0.210343, 0.408875, 0.048065], 
              [0.0362801, 0.736134, 0.220315, 0.00727071], 
              [0.168634, 0.827695, 0.00365263, 1.83723e-05], 
              [1.83723e-05, 2.69545e-05, 0.999936, 1.83723e-05], 
              [1.83723e-05, 2.69545e-05, 0.999936, 1.83723e-05], 
              [0.999928, 2.69545e-05, 2.69545e-05, 1.83723e-05], 
              [0.982703, 2.69545e-05, 2.69545e-05, 0.0172428], 
              [0.145971, 0.0181573, 0.835853, 1.83723e-05], 
              [0.0942978, 0.272894, 0.111531, 0.521277], 
              [0.162289, 0.191306, 0.527631, 0.118775], 
              [0.236624, 0.278334, 0.427912, 0.0571302]
            ],
            "pos": 6672,
            "neg": 1002029,
            "tp": 6060,
            "fp": 21422,
            "positive_thresh": 6672,
            "true_positive_thresh": 2.49043,
            "number_of_tests": 36366,
            "corrected_pvalue": "6.32e-8904",
            "evalue": "5.25e-8902"
          }, {
            "db": 1,
            "id": "BCACTTCCGGY",
            "alt": "MEME-4",
            "len": 11,
            "motif_evalue": 0,
            "motif_nsites": 1894,
            "pwm": [
              [0.0712849, 0.431355, 0.255546, 0.241814], 
              [0.187963, 0.46092, 0.175824, 0.175291], 
              [0.633029, 0.0723459, 0.253434, 0.0411915], 
              [1.06998e-05, 0.862166, 0.0095192, 0.128304], 
              [0.0306321, 0.00159961, 0.00107164, 0.966697], 
              [1.06998e-05, 0.00107164, 1.5698e-05, 0.998902], 
              [1.06998e-05, 0.999963, 1.5698e-05, 1.06998e-05], 
              [1.06998e-05, 0.999963, 1.5698e-05, 1.06998e-05], 
              [1.06998e-05, 0.00265556, 0.849496, 0.147838], 
              [0.00423448, 0.193247, 0.767134, 0.0353838], 
              [0.0380237, 0.314677, 0.101383, 0.545917]
            ],
            "pos": 6672,
            "neg": 1002029,
            "tp": 6112,
            "fp": 23870,
            "positive_thresh": 6672,
            "true_positive_thresh": 1.24897,
            "number_of_tests": 30682,
            "corrected_pvalue": "5.88e-8784",
            "evalue": "4.88e-8782"
          }, {
            "db": 4,
            "id": "CCGGAAGY",
            "alt": "MEME-2",
            "len": 8,
            "motif_evalue": 2.9e-120,
            "motif_nsites": 410,
            "pwm": [
              [0.0561337, 0.726724, 0.202462, 0.0146799], 
              [0.112217, 0.885223, 7.25031e-05, 0.00248782], 
              [4.94184e-05, 7.25031e-05, 0.999829, 4.94184e-05], 
              [0.00492623, 7.25031e-05, 0.994952, 4.94184e-05], 
              [0.999806, 7.25031e-05, 7.25031e-05, 4.94184e-05], 
              [0.985175, 7.25031e-05, 7.25031e-05, 0.0146799], 
              [0.146355, 0.0293334, 0.824261, 4.94184e-05], 
              [0.0927098, 0.304876, 0.100048, 0.502366]
            ],
            "pos": 6672,
            "neg": 1002029,
            "tp": 6125,
            "fp": 26016,
            "positive_thresh": 6672,
            "true_positive_thresh": 1.5819,
            "number_of_tests": 40855,
            "corrected_pvalue": "7.66e-8613",
            "evalue": "6.36e-8611"
          }, {
            "db": 7,
            "id": "NNBBCACTTCCGGTY",
            "alt": "MEME-3",
            "len": 15,
            "motif_evalue": 0,
            "motif_nsites": 1304,
            "pwm": [
              [0.186351, 0.370393, 0.236968, 0.206288], 
              [0.221625, 0.294479, 0.20016, 0.283736], 
              [0.157212, 0.270708, 0.31825, 0.25383], 
              [0.0644276, 0.432505, 0.256905, 0.246163], 
              [0.201687, 0.466245, 0.167955, 0.164113], 
              [0.661008, 0.0636679, 0.241568, 0.033755], 
              [1.55406e-05, 0.884157, 0.000789741, 0.115038], 
              [0.0145854, 2.28e-05, 2.28e-05, 0.985369], 
              [1.55406e-05, 2.28e-05, 2.28e-05, 0.999939], 
              [1.55406e-05, 0.999946, 2.28e-05, 1.55406e-05], 
              [1.55406e-05, 0.999946, 2.28e-05, 1.55406e-05], 
              [1.55406e-05, 0.000789741, 0.851951, 0.147243], 
              [1.55406e-05, 0.177923, 0.792907, 0.0291543], 
              [0.0291543, 0.292945, 0.0659687, 0.611932], 
              [0.11197, 0.295245, 0.175622, 0.417162]
            ],
            "pos": 6672,
            "neg": 1002029,
            "tp": 5784,
            "fp": 18202,
            "positive_thresh": 6672,
            "true_positive_thresh": 1.33236,
            "number_of_tests": 24002,
            "corrected_pvalue": "3.34e-8584",
            "evalue": "2.77e-8582"
          }, {
            "db": 2,
            "id": "BYACTTCCGGY",
            "alt": "MEME-3",
            "len": 11,
            "motif_evalue": 0,
            "motif_nsites": 3125,
            "pwm": [
              [0.0662444, 0.379837, 0.222722, 0.331196], 
              [0.156481, 0.419516, 0.164804, 0.259198], 
              [0.52191, 0.205763, 0.225602, 0.046725], 
              [6.48507e-06, 0.881901, 9.51442e-06, 0.118083], 
              [0.013766, 9.51442e-06, 9.51442e-06, 0.986215], 
              [6.48507e-06, 9.51442e-06, 9.51442e-06, 0.999974], 
              [6.48507e-06, 0.999978, 9.51442e-06, 6.48507e-06], 
              [6.48507e-06, 0.999978, 9.51442e-06, 6.48507e-06], 
              [6.48507e-06, 9.51442e-06, 0.715507, 0.284477], 
              [0.00480633, 0.195203, 0.659508, 0.140482], 
              [0.0598446, 0.396157, 0.0931265, 0.450872]
            ],
            "pos": 6672,
            "neg": 1002029,
            "tp": 5725,
            "fp": 17496,
            "positive_thresh": 6672,
            "true_positive_thresh": 5.92279,
            "number_of_tests": 42105,
            "corrected_pvalue": "1.04e-8526",
            "evalue": "8.61e-8525"
          }, {
            "db": 6,
            "id": "SBBCRCTTCCGGB",
            "alt": "MEME-1",
            "len": 13,
            "motif_evalue": 0,
            "motif_nsites": 1294,
            "pwm": [
              [0.180837, 0.391029, 0.271254, 0.156882], 
              [0.137563, 0.282845, 0.384846, 0.194746], 
              [0.0772897, 0.409574, 0.291345, 0.221792], 
              [0.124426, 0.507712, 0.20248, 0.165382], 
              [0.508477, 0.105115, 0.309118, 0.0772897], 
              [1.56607e-05, 0.802898, 0.0154778, 0.181609], 
              [0.0286075, 2.29762e-05, 2.29762e-05, 0.971347], 
              [1.56607e-05, 2.29762e-05, 2.29762e-05, 0.999938], 
              [1.56607e-05, 0.999946, 2.29762e-05, 1.56607e-05], 
              [1.56607e-05, 0.9984, 2.29762e-05, 0.00156154], 
              [0.00387936, 0.0417508, 0.808307, 0.146063], 
              [0.0146975, 0.240344, 0.676942, 0.0680164], 
              [0.0826983, 0.378665, 0.192435, 0.346202]
            ],
            "pos": 6672,
            "neg": 1002029,
            "tp": 5795,
            "fp": 19110,
            "positive_thresh": 6672,
            "true_positive_thresh": 4.93764,
            "number_of_tests": 54242,
            "corrected_pvalue": "3.02e-8504",
            "evalue": "2.51e-8502"
          }, {
            "db": 2,
            "id": "VVRCCGGAAGTRRVV",
            "alt": "MEME-4",
            "len": 15,
            "motif_evalue": 0,
            "motif_nsites": 2737,
            "pwm": [
              [0.327361, 0.205337, 0.345632, 0.121669], 
              [0.34636, 0.201319, 0.352208, 0.100114], 
              [0.484097, 0.0979243, 0.385456, 0.0325232], 
              [0.134456, 0.687966, 0.177571, 7.40436e-06], 
              [0.270367, 0.729615, 1.08631e-05, 7.40436e-06], 
              [7.40436e-06, 1.08631e-05, 0.999974, 7.40436e-06], 
              [7.40436e-06, 1.08631e-05, 0.999974, 7.40436e-06], 
              [0.999971, 1.08631e-05, 1.08631e-05, 7.40436e-06], 
              [0.982069, 1.08631e-05, 1.08631e-05, 0.0179098], 
              [0.115093, 0.00914453, 0.875755, 7.40436e-06], 
              [0.0478687, 0.220683, 0.188897, 0.542553], 
              [0.251003, 0.165149, 0.42674, 0.157108], 
              [0.32517, 0.202414, 0.407376, 0.06504], 
              [0.218486, 0.296675, 0.340882, 0.143955], 
              [0.223601, 0.206433, 0.388013, 0.181952]
            ],
            "pos": 6672,
            "neg": 1002029,
            "tp": 5776,
            "fp": 19736,
            "positive_thresh": 6672,
            "true_positive_thresh": 4.39344,
            "number_of_tests": 40468,
            "corrected_pvalue": "5.03e-8388",
            "evalue": "4.18e-8386"
          }, {
            "db": 8,
            "id": "BYACTTCCGGY",
            "alt": "MEME-4",
            "len": 11,
            "motif_evalue": 0,
            "motif_nsites": 2188,
            "pwm": [
              [0.0575936, 0.371112, 0.201558, 0.369736], 
              [0.168649, 0.385736, 0.150373, 0.295243], 
              [0.531064, 0.236749, 0.192418, 0.0397694], 
              [9.26214e-06, 0.899881, 1.35887e-05, 0.100096], 
              [0.0164615, 1.35887e-05, 1.35887e-05, 0.983511], 
              [9.26214e-06, 1.35887e-05, 1.35887e-05, 0.999964], 
              [9.26214e-06, 0.999968, 1.35887e-05, 9.26214e-06], 
              [9.26214e-06, 0.999968, 1.35887e-05, 9.26214e-06], 
              [9.26214e-06, 1.35887e-05, 0.670915, 0.329062], 
              [9.26214e-06, 0.170024, 0.649893, 0.180074], 
              [0.0333717, 0.40356, 0.0621677, 0.5009]
            ],
            "pos": 6672,
            "neg": 1002029,
            "tp": 5589,
            "fp": 17865,
            "positive_thresh": 6672,
            "true_positive_thresh": 5.48311,
            "number_of_tests": 39567,
            "corrected_pvalue": "7.51e-8160",
            "evalue": "6.24e-8158"
          }, {
            "db": 8,
            "id": "VVRRCCGGAAGTRRV",
            "alt": "MEME-3",
            "len": 15,
            "motif_evalue": 0,
            "motif_nsites": 2075,
            "pwm": [
              [0.256864, 0.228437, 0.387948, 0.126751], 
              [0.362402, 0.194222, 0.331564, 0.111811], 
              [0.365775, 0.172536, 0.369154, 0.0925353], 
              [0.516612, 0.0588065, 0.395176, 0.0294063], 
              [0.165303, 0.654923, 0.179765, 9.76651e-06], 
              [0.310838, 0.679018, 0.0101338, 9.76651e-06], 
              [9.76651e-06, 1.43287e-05, 0.999966, 9.76651e-06], 
              [0.0014557, 1.43287e-05, 0.99852, 9.76651e-06], 
              [0.992733, 1.43287e-05, 0.00724298, 9.76651e-06], 
              [0.970565, 1.43287e-05, 1.43287e-05, 0.0294063], 
              [0.102656, 0.0135077, 0.883827, 9.76651e-06], 
              [0.0462725, 0.184101, 0.215908, 0.553718], 
              [0.279996, 0.153742, 0.397585, 0.168677], 
              [0.350836, 0.186993, 0.400477, 0.0616938], 
              [0.238552, 0.266989, 0.35084, 0.143617]
            ],
            "pos": 6672,
            "neg": 1002029,
            "tp": 5487,
            "fp": 19179,
            "positive_thresh": 6672,
            "true_positive_thresh": 5.4677,
            "number_of_tests": 45522,
            "corrected_pvalue": "1.96e-7776",
            "evalue": "1.63e-7774"
          }, {
            "db": 3,
            "id": "VVRRCMGGAAGTRRS",
            "alt": "MEME-4",
            "len": 15,
            "motif_evalue": 0,
            "motif_nsites": 3169,
            "pwm": [
              [0.24708, 0.233199, 0.403279, 0.116444], 
              [0.358783, 0.194071, 0.344272, 0.102875], 
              [0.347108, 0.188391, 0.38119, 0.0833108], 
              [0.486895, 0.0981443, 0.414953, 6.39503e-06], 
              [0.167562, 0.63489, 0.197542, 6.39503e-06], 
              [0.341744, 0.658241, 9.38232e-06, 6.39503e-06], 
              [6.39503e-06, 9.38232e-06, 0.999978, 6.39503e-06], 
              [6.39503e-06, 9.38232e-06, 0.999978, 6.39503e-06], 
              [0.999659, 9.38232e-06, 0.000325372, 6.39503e-06], 
              [0.985459, 9.38232e-06, 9.38232e-06, 0.0145219], 
              [0.0921465, 9.38232e-06, 0.907838, 6.39503e-06], 
              [0.0650093, 0.188391, 0.244559, 0.502042], 
              [0.296621, 0.151472, 0.414007, 0.1379], 
              [0.359414, 0.193755, 0.387817, 0.0590135], 
              [0.18618, 0.292206, 0.396021, 0.125594]
            ],
            "pos": 6672,
            "neg": 1002029,
            "tp": 5744,
            "fp": 25477,
            "positive_thresh": 6672,
            "true_positive_thresh": 2.50538,
            "number_of_tests": 36274,
            "corrected_pvalue": "4.02e-7747",
            "evalue": "3.34e-7745"
          }, {
            "db": 9,
            "id": "BYACTTCCKGYYBBB",
            "alt": "MEME-5",
            "len": 15,
            "motif_evalue": 0,
            "motif_nsites": 2318,
            "pwm": [
              [0.0608341, 0.400341, 0.219157, 0.319667], 
              [0.175152, 0.408968, 0.151861, 0.264018], 
              [0.539243, 0.213982, 0.196725, 0.0500496], 
              [8.74271e-06, 0.891691, 1.28267e-05, 0.108287], 
              [0.0120872, 1.28267e-05, 1.28267e-05, 0.987887], 
              [8.74271e-06, 1.28267e-05, 1.28267e-05, 0.999966], 
              [8.74271e-06, 0.99997, 1.28267e-05, 8.74271e-06], 
              [8.74271e-06, 0.99997, 1.28267e-05, 8.74271e-06], 
              [8.74271e-06, 0.0099344, 0.65831, 0.331746], 
              [8.74271e-06, 0.190687, 0.644506, 0.164799], 
              [0.0336573, 0.38783, 0.065152, 0.513361], 
              [0.102247, 0.375321, 0.150998, 0.371434], 
              [0.117778, 0.329162, 0.190255, 0.362806], 
              [0.125111, 0.373595, 0.224766, 0.276528], 
              [0.147974, 0.34124, 0.253669, 0.257116]
            ],
            "pos": 6672,
            "neg": 1002029,
            "tp": 5729,
            "fp": 25348,
            "positive_thresh": 6672,
            "true_positive_thresh": 3.39404,
            "number_of_tests": 42271,
            "corrected_pvalue": "3.83e-7724",
            "evalue": "3.18e-7722"
          }, {
            "db": 3,
            "id": "BBYACTTCCGGYYBBBSBBBB",
            "alt": "MEME-3",
            "len": 21,
            "motif_evalue": 0,
            "motif_nsites": 3705,
            "pwm": [
              [0.130636, 0.361671, 0.301484, 0.206208], 
              [0.0650507, 0.387852, 0.226183, 0.320915], 
              [0.153307, 0.437783, 0.156819, 0.252091], 
              [0.513352, 0.220515, 0.217006, 0.0491271], 
              [5.46989e-06, 0.879876, 0.000278018, 0.11984], 
              [0.0202479, 0.00648585, 8.02502e-06, 0.973258], 
              [5.46989e-06, 8.02502e-06, 8.02502e-06, 0.999978], 
              [5.46989e-06, 0.998901, 8.02502e-06, 0.00108544], 
              [0.00594331, 0.994043, 8.02502e-06, 5.46989e-06], 
              [5.46989e-06, 0.0183615, 0.677723, 0.303911], 
              [5.46989e-06, 0.219705, 0.617805, 0.162484], 
              [0.0504761, 0.41862, 0.0963614, 0.434542], 
              [0.105806, 0.387312, 0.174092, 0.33279], 
              [0.111203, 0.33981, 0.204321, 0.344665], 
              [0.126318, 0.374897, 0.231851, 0.266935], 
              [0.146831, 0.373277, 0.270446, 0.209447], 
              [0.145751, 0.373817, 0.303104, 0.177329], 
              [0.132526, 0.303914, 0.263699, 0.299862], 
              [0.146291, 0.290958, 0.266938, 0.295813], 
              [0.127397, 0.395948, 0.256411, 0.220243], 
              [0.151418, 0.396488, 0.23347, 0.218623]
            ],
            "pos": 6672,
            "neg": 1002029,
            "tp": 5780,
            "fp": 27792,
            "positive_thresh": 6672,
            "true_positive_thresh": 3.12602,
            "number_of_tests": 44153,
            "corrected_pvalue": "4.41e-7633",
            "evalue": "3.66e-7631"
          }, {
            "db": 9,
            "id": "VVRRRCMGGAAGTRR",
            "alt": "MEME-6",
            "len": 15,
            "motif_evalue": 0,
            "motif_nsites": 2254,
            "pwm": [
              [0.262641, 0.256435, 0.335402, 0.145522], 
              [0.262641, 0.228486, 0.386864, 0.122009], 
              [0.37355, 0.180129, 0.338064, 0.108256], 
              [0.377987, 0.173918, 0.362907, 0.0851872], 
              [0.533703, 0.0599045, 0.38154, 0.0248529], 
              [0.161493, 0.648609, 0.18989, 8.99094e-06], 
              [0.32963, 0.65482, 0.0155405, 8.99094e-06], 
              [8.99094e-06, 1.31909e-05, 0.999969, 8.99094e-06], 
              [8.99094e-06, 1.31909e-05, 0.999969, 8.99094e-06], 
              [0.999965, 1.31909e-05, 1.31909e-05, 8.99094e-06], 
              [0.978671, 1.31909e-05, 1.31909e-05, 0.021303], 
              [0.103376, 0.0146535, 0.881962, 8.99094e-06], 
              [0.0514707, 0.190777, 0.219169, 0.538583], 
              [0.276395, 0.146857, 0.408158, 0.168591], 
              [0.341165, 0.190333, 0.401947, 0.066554]
            ],
            "pos": 6672,
            "neg": 1002029,
            "tp": 5799,
            "fp": 28787,
            "positive_thresh": 6672,
            "true_positive_thresh": 2.72668,
            "number_of_tests": 46703,
            "corrected_pvalue": "3.56e-7596",
            "evalue": "2.95e-7594"
          }, {
            "db": 10,
            "id": "CTTCCGGYBY",
            "alt": "MEME-5",
            "len": 10,
            "motif_evalue": 2.8e-12,
            "motif_nsites": 84,
            "pwm": [
              [0.000240981, 0.892149, 0.00035355, 0.107257], 
              [0.0121318, 0.00035355, 0.00035355, 0.987161], 
              [0.000240981, 0.00035355, 0.00035355, 0.999052], 
              [0.000240981, 0.999164, 0.00035355, 0.000240981], 
              [0.000240981, 0.999164, 0.00035355, 0.000240981], 
              [0.000240981, 0.00035355, 0.761353, 0.238053], 
              [0.0359125, 0.273838, 0.606775, 0.0834749], 
              [0.0359125, 0.404634, 0.0598068, 0.499646], 
              [0.0359125, 0.3214, 0.261947, 0.38074], 
              [0.0834749, 0.261947, 0.214385, 0.440193]
            ],
            "pos": 6672,
            "neg": 1002029,
            "tp": 5625,
            "fp": 24444,
            "positive_thresh": 6672,
            "true_positive_thresh": 3.3704,
            "number_of_tests": 45532,
            "corrected_pvalue": "3.56e-7569",
            "evalue": "2.96e-7567"
          }, {
            "db": 4,
            "id": "RCTTCCGG",
            "alt": "MEME-1",
            "len": 8,
            "motif_evalue": 5.7e-144,
            "motif_nsites": 497,
            "pwm": [
              [0.523075, 0.0946078, 0.30181, 0.0805076], 
              [4.07694e-05, 0.788633, 0.0382811, 0.173044], 
              [0.0483211, 5.9814e-05, 5.9814e-05, 0.951559], 
              [4.07694e-05, 0.00207141, 5.9814e-05, 0.997828], 
              [4.07694e-05, 0.997847, 5.9814e-05, 0.00205236], 
              [4.07694e-05, 0.989801, 5.9814e-05, 0.0100987], 
              [0.0221693, 0.0302347, 0.810762, 0.136834], 
              [0.0100987, 0.249507, 0.704143, 0.0362505]
            ],
            "pos": 6672,
            "neg": 1002029,
            "tp": 5546,
            "fp": 23939,
            "positive_thresh": 6672,
            "true_positive_thresh": 2.46371,
            "number_of_tests": 57446,
            "corrected_pvalue": "2.16e-7438",
            "evalue": "1.80e-7436"
          }, {
            "db": 0,
            "id": "RRCMGGAAGKRRVRV",
            "alt": "MEME-3",
            "len": 15,
            "motif_evalue": 0,
            "motif_nsites": 4341,
            "pwm": [
              [0.375716, 0.147665, 0.394838, 0.0817808], 
              [0.517385, 0.0444658, 0.412805, 0.0253441], 
              [0.215388, 0.617823, 0.166785, 4.66851e-06], 
              [0.369957, 0.617362, 0.0108336, 0.00184763], 
              [0.0029996, 6.8493e-06, 0.996989, 4.66851e-06], 
              [4.66851e-06, 6.8493e-06, 0.999984, 4.66851e-06], 
              [0.996987, 6.8493e-06, 0.00300178, 4.66851e-06], 
              [0.987773, 6.8493e-06, 6.8493e-06, 0.0122134], 
              [0.0780959, 0.00599571, 0.915904, 4.66851e-06], 
              [0.0327149, 0.168167, 0.28657, 0.512548], 
              [0.33287, 0.134766, 0.381247, 0.151118], 
              [0.40474, 0.170471, 0.378021, 0.0467666], 
              [0.227596, 0.233357, 0.4158, 0.123245], 
              [0.244643, 0.156649, 0.430543, 0.168165], 
              [0.325037, 0.180146, 0.353374, 0.141443]
            ],
            "pos": 6672,
            "neg": 1002029,
            "tp": 5652,
            "fp": 27121,
            "positive_thresh": 6672,
            "true_positive_thresh": 2.38325,
            "number_of_tests": 40495,
            "corrected_pvalue": "1.48e-7400",
            "evalue": "1.23e-7398"
          }, {
            "db": 11,
            "id": "RCTTCCGS",
            "alt": "MEME-1",
            "len": 8,
            "motif_evalue": 1e-23,
            "motif_nsites": 63,
            "pwm": [
              [0.523301, 0.143102, 0.30158, 0.0320169], 
              [0.00032118, 0.82456, 0.000471213, 0.174647], 
              [0.0320169, 0.000471213, 0.000471213, 0.967041], 
              [0.00032118, 0.000471213, 0.000471213, 0.998736], 
              [0.00032118, 0.998886, 0.000471213, 0.00032118], 
              [0.00032118, 0.998886, 0.000471213, 0.00032118], 
              [0.00032118, 0.000471213, 0.951343, 0.0478647], 
              [0.00032118, 0.380819, 0.618538, 0.00032118]
            ],
            "pos": 6672,
            "neg": 1002029,
            "tp": 5108,
            "fp": 16109,
            "positive_thresh": 6672,
            "true_positive_thresh": 1.75686,
            "number_of_tests": 27553,
            "corrected_pvalue": "1.22e-7283",
            "evalue": "1.01e-7281"
          }, {
            "db": 10,
            "id": "MCTTCCKK",
            "alt": "MEME-2",
            "len": 8,
            "motif_evalue": 3.2e-210,
            "motif_nsites": 740,
            "pwm": [
              [0.38376, 0.425659, 0.155424, 0.0351576], 
              [2.73834e-05, 0.901269, 4.0175e-05, 0.0986631], 
              [2.73834e-05, 0.0135523, 4.0175e-05, 0.98638], 
              [2.73834e-05, 4.0175e-05, 4.0175e-05, 0.999892], 
              [2.73834e-05, 0.999905, 4.0175e-05, 2.73834e-05], 
              [2.73834e-05, 0.990447, 4.0175e-05, 0.00948511], 
              [2.73834e-05, 0.0149032, 0.510782, 0.474287], 
              [0.00273002, 0.124347, 0.459437, 0.413486]
            ],
            "pos": 6672,
            "neg": 1002029,
            "tp": 5777,
            "fp": 33393,
            "positive_thresh": 6672,
            "true_positive_thresh": 2.88319,
            "number_of_tests": 52707,
            "corrected_pvalue": "1.13e-7206",
            "evalue": "9.41e-7205"
          }, {
            "db": 15,
            "id": "TTCCGGYB",
            "alt": "MEME-3",
            "len": 8,
            "motif_evalue": 6.4e-60,
            "motif_nsites": 291,
            "pwm": [
              [0.00694026, 0.000102142, 0.000102142, 0.992855], 
              [6.96204e-05, 0.000102142, 0.000102142, 0.999726], 
              [6.96204e-05, 0.999759, 0.000102142, 6.96204e-05], 
              [0.00350444, 0.996324, 0.000102142, 6.96204e-05], 
              [6.96204e-05, 0.000102142, 0.793643, 0.206185], 
              [6.96204e-05, 0.202781, 0.742115, 0.0550337], 
              [0.030987, 0.402026, 0.041325, 0.525662], 
              [0.0653392, 0.285227, 0.223393, 0.42604]
            ],
            "pos": 6672,
            "neg": 1002029,
            "tp": 5616,
            "fp": 29703,
            "positive_thresh": 6672,
            "true_positive_thresh": 2.54411,
            "number_of_tests": 63624,
            "corrected_pvalue": "1.09e-7119",
            "evalue": "9.02e-7118"
          }, {
            "db": 7,
            "id": "VSSVRRRCMGGAAGK",
            "alt": "MEME-2",
            "len": 15,
            "motif_evalue": 0,
            "motif_nsites": 1979,
            "pwm": [
              [0.386045, 0.208191, 0.27994, 0.125825], 
              [0.148058, 0.248107, 0.456283, 0.147552], 
              [0.193027, 0.23497, 0.432535, 0.139467], 
              [0.352695, 0.20718, 0.320363, 0.119761], 
              [0.44213, 0.184443, 0.275898, 0.0975293], 
              [0.322379, 0.159178, 0.423945, 0.0944975], 
              [0.460826, 0.0470056, 0.456283, 0.0358854], 
              [0.259724, 0.600288, 0.139978, 1.02403e-05], 
              [0.355727, 0.628583, 0.0126474, 0.00304209], 
              [1.02403e-05, 1.50238e-05, 0.999964, 1.02403e-05], 
              [0.00102119, 1.50238e-05, 0.998954, 1.02403e-05], 
              [0.998949, 0.00102597, 1.50238e-05, 1.02403e-05], 
              [0.969643, 1.50238e-05, 1.50238e-05, 0.0303267], 
              [0.0914656, 0.0146683, 0.893856, 1.02403e-05], 
              [0.0348745, 0.183432, 0.293077, 0.488617]
            ],
            "pos": 6672,
            "neg": 1002029,
            "tp": 5625,
            "fp": 30928,
            "positive_thresh": 6672,
            "true_positive_thresh": 2.4009,
            "number_of_tests": 47751,
            "corrected_pvalue": "2.44e-7049",
            "evalue": "2.02e-7047"
          }, {
            "db": 14,
            "id": "CTTCCGSY",
            "alt": "MEME-2",
            "len": 8,
            "motif_evalue": 5.2e-22,
            "motif_nsites": 114,
            "pwm": [
              [0.00017762, 0.736457, 0.000260592, 0.263105], 
              [0.00017762, 0.000260592, 0.000260592, 0.999301], 
              [0.00017762, 0.000260592, 0.000260592, 0.999301], 
              [0.00017762, 0.999384, 0.000260592, 0.00017762], 
              [0.00017762, 0.981856, 0.000260592, 0.0177062], 
              [0.0878197, 0.140489, 0.648815, 0.122877], 
              [0.0615278, 0.41218, 0.456001, 0.0702911], 
              [0.14917, 0.359594, 0.149253, 0.341983]
            ],
            "pos": 6672,
            "neg": 1002029,
            "tp": 5861,
            "fp": 41450,
            "positive_thresh": 6672,
            "true_positive_thresh": 4.9217,
            "number_of_tests": 111254,
            "corrected_pvalue": "1.64e-6885",
            "evalue": "1.36e-6883"
          }, {
            "db": 13,
            "id": "RMMGGAAG",
            "alt": "MEME-1",
            "len": 8,
            "motif_evalue": 1.2e-243,
            "motif_nsites": 942,
            "pwm": [
              [0.351364, 0.0393054, 0.576403, 0.032927], 
              [0.432035, 0.44266, 0.1221, 0.00320617], 
              [0.522259, 0.459643, 0.0180766, 2.1512e-05], 
              [0.0148819, 3.15609e-05, 0.985065, 2.1512e-05], 
              [0.00214429, 3.15609e-05, 0.997803, 2.1512e-05], 
              [0.985055, 3.15609e-05, 0.014892, 2.1512e-05], 
              [0.979748, 3.15609e-05, 0.0201994, 2.1512e-05], 
              [0.0753855, 0.0159539, 0.907578, 0.0010834]
            ],
            "pos": 6672,
            "neg": 1002029,
            "tp": 5761,
            "fp": 46447,
            "positive_thresh": 6672,
            "true_positive_thresh": 1.7006,
            "number_of_tests": 65446,
            "corrected_pvalue": "1.82e-6406",
            "evalue": "1.51e-6404"
          }, {
            "db": 15,
            "id": "CGGAAGTK",
            "alt": "MEME-5",
            "len": 8,
            "motif_evalue": 4.2e-13,
            "motif_nsites": 131,
            "pwm": [
              [0.0535488, 0.94607, 0.0002268, 0.000154588], 
              [0.000154588, 0.0002268, 0.999464, 0.000154588], 
              [0.000154588, 0.0002268, 0.999464, 0.000154588], 
              [0.999392, 0.0002268, 0.0002268, 0.000154588], 
              [0.999392, 0.0002268, 0.0002268, 0.000154588], 
              [0.160337, 0.0154822, 0.824025, 0.000154588], 
              [0.000154588, 0.290082, 0.0002268, 0.709537], 
              [0.15271, 0.190921, 0.419754, 0.236615]
            ],
            "pos": 6672,
            "neg": 1002029,
            "tp": 4761,
